route_type;case;origin_destination;departure_time;player;itinerary;leg;duration_leg;modal;line;fare;itinerary_duration
LO;1;"-23.542238,-46.436435;-23.571924,-46.690373";08-30-2019 08:07;OTP;1;1;727;WALK;;765;3770
LO;1;"-23.542238,-46.436435;-23.571924,-46.690373";08-30-2019 08:07;OTP;1;2;1685;RAIL;CPTM L11;765;3770
LO;1;"-23.542238,-46.436435;-23.571924,-46.690373";08-30-2019 08:07;OTP;1;3;167;WALK;;765;3770
LO;1;"-23.542238,-46.436435;-23.571924,-46.690373";08-30-2019 08:07;OTP;1;4;756;SUBWAY;METRÔ L4;765;3770
LO;1;"-23.542238,-46.436435;-23.571924,-46.690373";08-30-2019 08:07;OTP;1;5;61;WALK;;765;3770
LO;1;"-23.542238,-46.436435;-23.571924,-46.690373";08-30-2019 08:07;OTP;1;6;161;BUS;856R-10;765;3770
LO;1;"-23.542238,-46.436435;-23.571924,-46.690373";08-30-2019 08:07;OTP;1;7;49;WALK;;765;3770
LO;1;"-23.542238,-46.436435;-23.571924,-46.690373";08-30-2019 08:07;OTP;2;1;727;WALK;;765;3796
LO;1;"-23.542238,-46.436435;-23.571924,-46.690373";08-30-2019 08:07;OTP;2;2;1685;RAIL;CPTM L11;765;3796
LO;1;"-23.542238,-46.436435;-23.571924,-46.690373";08-30-2019 08:07;OTP;2;3;167;WALK;;765;3796
LO;1;"-23.542238,-46.436435;-23.571924,-46.690373";08-30-2019 08:07;OTP;2;4;756;SUBWAY;METRÔ L4;765;3796
LO;1;"-23.542238,-46.436435;-23.571924,-46.690373";08-30-2019 08:07;OTP;2;5;61;WALK;;765;3796
LO;1;"-23.542238,-46.436435;-23.571924,-46.690373";08-30-2019 08:07;OTP;2;6;126;BUS;875C-10;765;3796
LO;1;"-23.542238,-46.436435;-23.571924,-46.690373";08-30-2019 08:07;OTP;2;7;49;WALK;;765;3796
LO;1;"-23.542238,-46.436435;-23.571924,-46.690373";08-30-2019 08:07;OTP;3;1;727;WALK;;765;3991
LO;1;"-23.542238,-46.436435;-23.571924,-46.690373";08-30-2019 08:07;OTP;3;2;1685;RAIL;CPTM L11;765;3991
LO;1;"-23.542238,-46.436435;-23.571924,-46.690373";08-30-2019 08:07;OTP;3;3;167;WALK;;765;3991
LO;1;"-23.542238,-46.436435;-23.571924,-46.690373";08-30-2019 08:07;OTP;3;4;756;SUBWAY;METRÔ L4;765;3991
LO;1;"-23.542238,-46.436435;-23.571924,-46.690373";08-30-2019 08:07;OTP;3;5;475;WALK;;765;3991
LO;1;"-23.542238,-46.436435;-23.571924,-46.690373";08-30-2019 08:07;OTP;4;1;727;WALK;;765;4111
LO;1;"-23.542238,-46.436435;-23.571924,-46.690373";08-30-2019 08:07;OTP;4;2;1685;RAIL;CPTM L11;765;4111
LO;1;"-23.542238,-46.436435;-23.571924,-46.690373";08-30-2019 08:07;OTP;4;3;167;WALK;;765;4111
LO;1;"-23.542238,-46.436435;-23.571924,-46.690373";08-30-2019 08:07;OTP;4;4;756;SUBWAY;METRÔ L4;765;4111
LO;1;"-23.542238,-46.436435;-23.571924,-46.690373";08-30-2019 08:07;OTP;4;5;475;WALK;;765;4111
NS;2;"-23.498320,-46.655980;-23.606884,-46.693306";08-30-2019 08:07;OTP;1;1;598;WALK;;748;5074
NS;2;"-23.498320,-46.655980;-23.606884,-46.693306";08-30-2019 08:07;OTP;1;2;1225;BUS;2014-10;748;5074
NS;2;"-23.498320,-46.655980;-23.606884,-46.693306";08-30-2019 08:07;OTP;1;3;1776;BUS;177Y-10;748;5074
NS;2;"-23.498320,-46.655980;-23.606884,-46.693306";08-30-2019 08:07;OTP;1;4;233;WALK;;748;5074
NS;2;"-23.498320,-46.655980;-23.606884,-46.693306";08-30-2019 08:07;OTP;1;5;680;RAIL;CPTM L09;748;5074
NS;2;"-23.498320,-46.655980;-23.606884,-46.693306";08-30-2019 08:07;OTP;1;6;514;WALK;;748;5074
NS;2;"-23.498320,-46.655980;-23.606884,-46.693306";08-30-2019 08:07;OTP;2;1;598;WALK;;430;5239
NS;2;"-23.498320,-46.655980;-23.606884,-46.693306";08-30-2019 08:07;OTP;2;2;900;BUS;2014-10;430;5239
NS;2;"-23.498320,-46.655980;-23.606884,-46.693306";08-30-2019 08:07;OTP;2;3;1456;BUS;778J-10;430;5239
NS;2;"-23.498320,-46.655980;-23.606884,-46.693306";08-30-2019 08:07;OTP;2;4;59;WALK;;430;5239
NS;2;"-23.498320,-46.655980;-23.606884,-46.693306";08-30-2019 08:07;OTP;2;5;600;BUS;576M-10;430;5239
NS;2;"-23.498320,-46.655980;-23.606884,-46.693306";08-30-2019 08:07;OTP;2;6;870;BUS;709M-10;430;5239
NS;2;"-23.498320,-46.655980;-23.606884,-46.693306";08-30-2019 08:07;OTP;2;7;123;WALK;;430;5239
LS;3;"-23.529641,-46.438457;-23.648905,-46.703555";08-30-2019 08:07;OTP;1;1;195;WALK;;765;5929
LS;3;"-23.529641,-46.438457;-23.648905,-46.703555";08-30-2019 08:07;OTP;1;2;116;BUS;2705-10;765;5929
LS;3;"-23.529641,-46.438457;-23.648905,-46.703555";08-30-2019 08:07;OTP;1;3;677;WALK;;765;5929
LS;3;"-23.529641,-46.438457;-23.648905,-46.703555";08-30-2019 08:07;OTP;1;4;1685;RAIL;CPTM L11;765;5929
LS;3;"-23.529641,-46.438457;-23.648905,-46.703555";08-30-2019 08:07;OTP;1;5;151;WALK;;765;5929
LS;3;"-23.529641,-46.438457;-23.648905,-46.703555";08-30-2019 08:07;OTP;1;6;963;SUBWAY;METRÔ L1;765;5929
LS;3;"-23.529641,-46.438457;-23.648905,-46.703555";08-30-2019 08:07;OTP;1;7;11;WALK;;765;5929
LS;3;"-23.529641,-46.438457;-23.648905,-46.703555";08-30-2019 08:07;OTP;1;8;1521;SUBWAY;METRÔ L5;765;5929
LS;3;"-23.529641,-46.438457;-23.648905,-46.703555";08-30-2019 08:07;OTP;1;9;129;WALK;;765;5929
LS;3;"-23.529641,-46.438457;-23.648905,-46.703555";08-30-2019 08:07;OTP;2;1;195;WALK;;765;6106
LS;3;"-23.529641,-46.438457;-23.648905,-46.703555";08-30-2019 08:07;OTP;2;2;520;BUS;342N-10;765;6106
LS;3;"-23.529641,-46.438457;-23.648905,-46.703555";08-30-2019 08:07;OTP;2;3;119;WALK;;765;6106
LS;3;"-23.529641,-46.438457;-23.648905,-46.703555";08-30-2019 08:07;OTP;2;4;2022;RAIL;CPTM L11;765;6106
LS;3;"-23.529641,-46.438457;-23.648905,-46.703555";08-30-2019 08:07;OTP;2;5;151;WALK;;765;6106
LS;3;"-23.529641,-46.438457;-23.648905,-46.703555";08-30-2019 08:07;OTP;2;6;963;SUBWAY;METRÔ L1;765;6106
LS;3;"-23.529641,-46.438457;-23.648905,-46.703555";08-30-2019 08:07;OTP;2;7;11;WALK;;765;6106
LS;3;"-23.529641,-46.438457;-23.648905,-46.703555";08-30-2019 08:07;OTP;2;8;1521;SUBWAY;METRÔ L5;765;6106
LS;3;"-23.529641,-46.438457;-23.648905,-46.703555";08-30-2019 08:07;OTP;2;9;129;WALK;;765;6106
LS;3;"-23.529641,-46.438457;-23.648905,-46.703555";08-30-2019 08:07;OTP;3;1;195;WALK;;765;6254
LS;3;"-23.529641,-46.438457;-23.648905,-46.703555";08-30-2019 08:07;OTP;3;2;618;BUS;342N-10;765;6254
LS;3;"-23.529641,-46.438457;-23.648905,-46.703555";08-30-2019 08:07;OTP;3;3;119;WALK;;765;6254
LS;3;"-23.529641,-46.438457;-23.648905,-46.703555";08-30-2019 08:07;OTP;3;4;2022;RAIL;CPTM L11;765;6254
LS;3;"-23.529641,-46.438457;-23.648905,-46.703555";08-30-2019 08:07;OTP;3;5;151;WALK;;765;6254
LS;3;"-23.529641,-46.438457;-23.648905,-46.703555";08-30-2019 08:07;OTP;3;6;963;SUBWAY;METRÔ L1;765;6254
LS;3;"-23.529641,-46.438457;-23.648905,-46.703555";08-30-2019 08:07;OTP;3;7;11;WALK;;765;6254
LS;3;"-23.529641,-46.438457;-23.648905,-46.703555";08-30-2019 08:07;OTP;3;8;1521;SUBWAY;METRÔ L5;765;6254
LS;3;"-23.529641,-46.438457;-23.648905,-46.703555";08-30-2019 08:07;OTP;3;9;129;WALK;;765;6254
LS;3;"-23.529641,-46.438457;-23.648905,-46.703555";08-30-2019 08:07;OTP;4;1;195;WALK;;765;6346
LS;3;"-23.529641,-46.438457;-23.648905,-46.703555";08-30-2019 08:07;OTP;4;2;520;BUS;342N-10;765;6346
LS;3;"-23.529641,-46.438457;-23.648905,-46.703555";08-30-2019 08:07;OTP;4;3;119;WALK;;765;6346
LS;3;"-23.529641,-46.438457;-23.648905,-46.703555";08-30-2019 08:07;OTP;4;4;2022;RAIL;CPTM L11;765;6346
LS;3;"-23.529641,-46.438457;-23.648905,-46.703555";08-30-2019 08:07;OTP;4;5;151;WALK;;765;6346
LS;3;"-23.529641,-46.438457;-23.648905,-46.703555";08-30-2019 08:07;OTP;4;6;963;SUBWAY;METRÔ L1;765;6346
LS;3;"-23.529641,-46.438457;-23.648905,-46.703555";08-30-2019 08:07;OTP;4;7;11;WALK;;765;6346
LS;3;"-23.529641,-46.438457;-23.648905,-46.703555";08-30-2019 08:07;OTP;4;8;1521;SUBWAY;METRÔ L5;765;6346
LS;3;"-23.529641,-46.438457;-23.648905,-46.703555";08-30-2019 08:07;OTP;4;9;129;WALK;;765;6346
LS;3;"-23.529641,-46.438457;-23.648905,-46.703555";08-30-2019 08:07;OTP;5;1;311;WALK;;765;7207
LS;3;"-23.529641,-46.438457;-23.648905,-46.703555";08-30-2019 08:07;OTP;5;2;765;BUS;407J-10;765;7207
LS;3;"-23.529641,-46.438457;-23.648905,-46.703555";08-30-2019 08:07;OTP;5;3;75;WALK;;765;7207
LS;3;"-23.529641,-46.438457;-23.648905,-46.703555";08-30-2019 08:07;OTP;5;4;2022;RAIL;CPTM L11;765;7207
LS;3;"-23.529641,-46.438457;-23.648905,-46.703555";08-30-2019 08:07;OTP;5;5;151;WALK;;765;7207
LS;3;"-23.529641,-46.438457;-23.648905,-46.703555";08-30-2019 08:07;OTP;5;6;963;SUBWAY;METRÔ L1;765;7207
LS;3;"-23.529641,-46.438457;-23.648905,-46.703555";08-30-2019 08:07;OTP;5;7;29;WALK;;765;7207
LS;3;"-23.529641,-46.438457;-23.648905,-46.703555";08-30-2019 08:07;OTP;5;8;2628;BUS;675L-10;765;7207
LS;3;"-23.529641,-46.438457;-23.648905,-46.703555";08-30-2019 08:07;OTP;5;9;88;WALK;;765;7207
SO;4;"-23.695285,-46.708019;-23.559256,-46.729138";08-30-2019 08:07;OTP;1;1;885;WALK;;748;4856
SO;4;"-23.695285,-46.708019;-23.559256,-46.729138";08-30-2019 08:07;OTP;1;2;606;BUS;6074-10;748;4856
SO;4;"-23.695285,-46.708019;-23.559256,-46.729138";08-30-2019 08:07;OTP;1;3;142;WALK;;748;4856
SO;4;"-23.695285,-46.708019;-23.559256,-46.729138";08-30-2019 08:07;OTP;1;4;1700;RAIL;CPTM L09;748;4856
SO;4;"-23.695285,-46.708019;-23.559256,-46.729138";08-30-2019 08:07;OTP;1;5;513;WALK;;748;4856
SO;4;"-23.695285,-46.708019;-23.559256,-46.729138";08-30-2019 08:07;OTP;1;6;686;BUS;8022-10;748;4856
SO;4;"-23.695285,-46.708019;-23.559256,-46.729138";08-30-2019 08:07;OTP;1;7;130;WALK;;748;4856
SO;4;"-23.695285,-46.708019;-23.559256,-46.729138";08-30-2019 08:07;OTP;2;1;820;WALK;;748;5003
SO;4;"-23.695285,-46.708019;-23.559256,-46.729138";08-30-2019 08:07;OTP;2;2;888;BUS;6960-10;748;5003
SO;4;"-23.695285,-46.708019;-23.559256,-46.729138";08-30-2019 08:07;OTP;2;3;235;WALK;;748;5003
SO;4;"-23.695285,-46.708019;-23.559256,-46.729138";08-30-2019 08:07;OTP;2;4;1530;RAIL;CPTM L09;748;5003
SO;4;"-23.695285,-46.708019;-23.559256,-46.729138";08-30-2019 08:07;OTP;2;5;324;WALK;;748;5003
SO;4;"-23.695285,-46.708019;-23.559256,-46.729138";08-30-2019 08:07;OTP;2;6;750;BUS;809U-10;748;5003
SO;4;"-23.695285,-46.708019;-23.559256,-46.729138";08-30-2019 08:07;OTP;2;7;57;WALK;;748;5003
SO;4;"-23.695285,-46.708019;-23.559256,-46.729138";08-30-2019 08:07;OTP;3;1;710;WALK;;748;5145
SO;4;"-23.695285,-46.708019;-23.559256,-46.729138";08-30-2019 08:07;OTP;3;2;920;BUS;6076-10;748;5145
SO;4;"-23.695285,-46.708019;-23.559256,-46.729138";08-30-2019 08:07;OTP;3;3;165;WALK;;748;5145
SO;4;"-23.695285,-46.708019;-23.559256,-46.729138";08-30-2019 08:07;OTP;3;4;2040;RAIL;CPTM L09;748;5145
SO;4;"-23.695285,-46.708019;-23.559256,-46.729138";08-30-2019 08:07;OTP;3;5;324;WALK;;748;5145
SO;4;"-23.695285,-46.708019;-23.559256,-46.729138";08-30-2019 08:07;OTP;3;6;750;BUS;809U-10;748;5145
SO;4;"-23.695285,-46.708019;-23.559256,-46.729138";08-30-2019 08:07;OTP;3;7;57;WALK;;748;5145
SO;4;"-23.695285,-46.708019;-23.559256,-46.729138";08-30-2019 08:07;OTP;4;1;710;WALK;;748;5468
SO;4;"-23.695285,-46.708019;-23.559256,-46.729138";08-30-2019 08:07;OTP;4;2;920;BUS;6076-10;748;5468
SO;4;"-23.695285,-46.708019;-23.559256,-46.729138";08-30-2019 08:07;OTP;4;3;165;WALK;;748;5468
SO;4;"-23.695285,-46.708019;-23.559256,-46.729138";08-30-2019 08:07;OTP;4;4;2040;RAIL;CPTM L09;748;5468
SO;4;"-23.695285,-46.708019;-23.559256,-46.729138";08-30-2019 08:07;OTP;4;5;513;WALK;;748;5468
SO;4;"-23.695285,-46.708019;-23.559256,-46.729138";08-30-2019 08:07;OTP;4;6;686;BUS;8022-10;748;5468
SO;4;"-23.695285,-46.708019;-23.559256,-46.729138";08-30-2019 08:07;OTP;4;7;130;WALK;;748;5468
SO;4;"-23.695285,-46.708019;-23.559256,-46.729138";08-30-2019 08:07;OTP;5;1;350;WALK;;748;5612
SO;4;"-23.695285,-46.708019;-23.559256,-46.729138";08-30-2019 08:07;OTP;5;2;1560;BUS;6076-41;748;5612
SO;4;"-23.695285,-46.708019;-23.559256,-46.729138";08-30-2019 08:07;OTP;5;3;235;WALK;;748;5612
SO;4;"-23.695285,-46.708019;-23.559256,-46.729138";08-30-2019 08:07;OTP;5;4;1360;RAIL;CPTM L09;748;5612
SO;4;"-23.695285,-46.708019;-23.559256,-46.729138";08-30-2019 08:07;OTP;5;5;366;WALK;;748;5612
SO;4;"-23.695285,-46.708019;-23.559256,-46.729138";08-30-2019 08:07;OTP;5;6;1092;BUS;177H-10;748;5612
SO;4;"-23.695285,-46.708019;-23.559256,-46.729138";08-30-2019 08:07;OTP;5;7;57;WALK;;748;5612
LO;1;"-23.542238,-46.436435;-23.571924,-46.690373";08-30-2019 08:07;Google;1;1;531;WALK;;765;4070
LO;1;"-23.542238,-46.436435;-23.571924,-46.690373";08-30-2019 08:07;Google;1;2;1440;RAIL;CPTM L11;765;4070
LO;1;"-23.542238,-46.436435;-23.571924,-46.690373";08-30-2019 08:07;Google;1;3;248;WALK;;765;4070
LO;1;"-23.542238,-46.436435;-23.571924,-46.690373";08-30-2019 08:07;Google;1;4;840;SUBWAY;METRÔ L4;765;4070
LO;1;"-23.542238,-46.436435;-23.571924,-46.690373";08-30-2019 08:07;Google;1;5;586;WALK;;765;4070
LO;1;"-23.542238,-46.436435;-23.571924,-46.690373";08-30-2019 08:07;Google;2;1;46;WALK;;765;4257
LO;1;"-23.542238,-46.436435;-23.571924,-46.690373";08-30-2019 08:07;Google;2;2;906;BUS;3732-10;765;4257
LO;1;"-23.542238,-46.436435;-23.571924,-46.690373";08-30-2019 08:07;Google;2;3;9;WALK;;765;4257
LO;1;"-23.542238,-46.436435;-23.571924,-46.690373";08-30-2019 08:07;Google;2;4;1080;RAIL;CPTM L11;765;4257
LO;1;"-23.542238,-46.436435;-23.571924,-46.690373";08-30-2019 08:07;Google;2;5;248;WALK;;765;4257
LO;1;"-23.542238,-46.436435;-23.571924,-46.690373";08-30-2019 08:07;Google;2;6;840;SUBWAY;METRÔ L4;765;4257
LO;1;"-23.542238,-46.436435;-23.571924,-46.690373";08-30-2019 08:07;Google;2;7;586;WALK;;765;4257
LO;1;"-23.542238,-46.436435;-23.571924,-46.690373";08-30-2019 08:07;Google;3;1;531;WALK;;765;4236
LO;1;"-23.542238,-46.436435;-23.571924,-46.690373";08-30-2019 08:07;Google;3;2;1440;RAIL;CPTM L11;765;4236
LO;1;"-23.542238,-46.436435;-23.571924,-46.690373";08-30-2019 08:07;Google;3;3;248;WALK;;765;4236
LO;1;"-23.542238,-46.436435;-23.571924,-46.690373";08-30-2019 08:07;Google;3;4;560;SUBWAY;METRÔ L4;765;4236
LO;1;"-23.542238,-46.436435;-23.571924,-46.690373";08-30-2019 08:07;Google;3;5;106;WALK;;765;4236
LO;1;"-23.542238,-46.436435;-23.571924,-46.690373";08-30-2019 08:07;Google;3;6;372;BUS;857R-10;765;4236
LO;1;"-23.542238,-46.436435;-23.571924,-46.690373";08-30-2019 08:07;Google;3;7;146;WALK;;765;4236
LO;1;"-23.542238,-46.436435;-23.571924,-46.690373";08-30-2019 08:07;Google;4;1;24;WALK;;430;6978
LO;1;"-23.542238,-46.436435;-23.571924,-46.690373";08-30-2019 08:07;Google;4;2;852;BUS;3020-10;430;6978
LO;1;"-23.542238,-46.436435;-23.571924,-46.690373";08-30-2019 08:07;Google;4;3;123;WALK;;430;6978
LO;1;"-23.542238,-46.436435;-23.571924,-46.690373";08-30-2019 08:07;Google;4;4;1239;BUS;4310-10;430;6978
LO;1;"-23.542238,-46.436435;-23.571924,-46.690373";08-30-2019 08:07;Google;4;5;1653;BUS;3459-10;430;6978
LO;1;"-23.542238,-46.436435;-23.571924,-46.690373";08-30-2019 08:07;Google;4;6;1984;BUS;702U-10;430;6978
LO;1;"-23.542238,-46.436435;-23.571924,-46.690373";08-30-2019 08:07;Google;4;7;133;WALK;;430;6978
NS;2;"-23.498320,-46.655980;-23.606884,-46.693306";08-30-2019 08:07;Google;1;1;136;WALK;;765;5171
NS;2;"-23.498320,-46.655980;-23.606884,-46.693306";08-30-2019 08:07;Google;1;2;1898;BUS;9354-10;765;5171
NS;2;"-23.498320,-46.655980;-23.606884,-46.693306";08-30-2019 08:07;Google;1;3;455;WALK;;765;5171
NS;2;"-23.498320,-46.655980;-23.606884,-46.693306";08-30-2019 08:07;Google;1;4;840;SUBWAY;METRÔ L4;765;5171
NS;2;"-23.498320,-46.655980;-23.606884,-46.693306";08-30-2019 08:07;Google;1;5;0;WALK;;765;5171
NS;2;"-23.498320,-46.655980;-23.606884,-46.693306";08-30-2019 08:07;Google;1;6;720;RAIL;CPTM L09;765;5171
NS;2;"-23.498320,-46.655980;-23.606884,-46.693306";08-30-2019 08:07;Google;1;7;494;WALK;;765;5171
NS;2;"-23.498320,-46.655980;-23.606884,-46.693306";08-30-2019 08:07;Google;2;1;152;WALK;;430;6355
NS;2;"-23.498320,-46.655980;-23.606884,-46.693306";08-30-2019 08:07;Google;2;2;3950;BUS;967A-10;430;6355
NS;2;"-23.498320,-46.655980;-23.606884,-46.693306";08-30-2019 08:07;Google;2;3;1504;BUS;709A-10;430;6355
NS;2;"-23.498320,-46.655980;-23.606884,-46.693306";08-30-2019 08:07;Google;3;1;493;WALK;;430;5262
NS;2;"-23.498320,-46.655980;-23.606884,-46.693306";08-30-2019 08:07;Google;3;2;896;BUS;9784-10;430;5262
NS;2;"-23.498320,-46.655980;-23.606884,-46.693306";08-30-2019 08:07;Google;3;3;138;WALK;;430;5262
NS;2;"-23.498320,-46.655980;-23.606884,-46.693306";08-30-2019 08:07;Google;3;4;1240;BUS;209P-10;430;5262
NS;2;"-23.498320,-46.655980;-23.606884,-46.693306";08-30-2019 08:07;Google;3;5;42;WALK;;430;5262
NS;2;"-23.498320,-46.655980;-23.606884,-46.693306";08-30-2019 08:07;Google;3;6;1752;BUS;847P-10;430;5262
NS;2;"-23.498320,-46.655980;-23.606884,-46.693306";08-30-2019 08:07;Google;3;7;87;WALK;;430;5262
NS;2;"-23.498320,-46.655980;-23.606884,-46.693306";08-30-2019 08:07;Google;3;8;260;BUS;607C-10;430;5262
NS;2;"-23.498320,-46.655980;-23.606884,-46.693306";08-30-2019 08:07;Google;4;1;136;WALK;;2495;5095
NS;2;"-23.498320,-46.655980;-23.606884,-46.693306";08-30-2019 08:07;Google;4;2;1296;BUS;177H-10;2495;5095
NS;2;"-23.498320,-46.655980;-23.606884,-46.693306";08-30-2019 08:07;Google;4;3;4;WALK;;2495;5095
NS;2;"-23.498320,-46.655980;-23.606884,-46.693306";08-30-2019 08:07;Google;4;4;1153;BUS;282;2495;5095
NS;2;"-23.498320,-46.655980;-23.606884,-46.693306";08-30-2019 08:07;Google;4;5;556;WALK;;2495;5095
NS;2;"-23.498320,-46.655980;-23.606884,-46.693306";08-30-2019 08:07;Google;4;6;540;RAIL;CPTM L09;2495;5095
NS;2;"-23.498320,-46.655980;-23.606884,-46.693306";08-30-2019 08:07;Google;4;7;494;WALK;;2495;5095
LS;3;"-23.529641,-46.438457;-23.648905,-46.703555";08-30-2019 08:07;Google;1;1;165;WALK;;748;6754
LS;3;"-23.529641,-46.438457;-23.648905,-46.703555";08-30-2019 08:07;Google;1;2;1055;BUS;2705-10;748;6754
LS;3;"-23.529641,-46.438457;-23.648905,-46.703555";08-30-2019 08:07;Google;1;3;108;WALK;;748;6754
LS;3;"-23.529641,-46.438457;-23.648905,-46.703555";08-30-2019 08:07;Google;1;4;2280;SUBWAY;METRÔ L3;748;6754
LS;3;"-23.529641,-46.438457;-23.648905,-46.703555";08-30-2019 08:07;Google;1;5;0;WALK;;748;6754
LS;3;"-23.529641,-46.438457;-23.648905,-46.703555";08-30-2019 08:07;Google;1;6;784;SUBWAY;METRÔ L1;748;6754
LS;3;"-23.529641,-46.438457;-23.648905,-46.703555";08-30-2019 08:07;Google;1;7;0;WALK;;748;6754
LS;3;"-23.529641,-46.438457;-23.648905,-46.703555";08-30-2019 08:07;Google;1;8;1620;SUBWAY;METRÔ L5;748;6754
LS;3;"-23.529641,-46.438457;-23.648905,-46.703555";08-30-2019 08:07;Google;1;9;139;WALK;;748;6754
LS;3;"-23.529641,-46.438457;-23.648905,-46.703555";08-30-2019 08:07;Google;2;1;365;WALK;;748;6890
LS;3;"-23.529641,-46.438457;-23.648905,-46.703555";08-30-2019 08:07;Google;2;2;1054;BUS;3754-10;748;6890
LS;3;"-23.529641,-46.438457;-23.648905,-46.703555";08-30-2019 08:07;Google;2;3;0;WALK;;748;6890
LS;3;"-23.529641,-46.438457;-23.648905,-46.703555";08-30-2019 08:07;Google;2;4;2280;SUBWAY;METRÔ L3;748;6890
LS;3;"-23.529641,-46.438457;-23.648905,-46.703555";08-30-2019 08:07;Google;2;5;0;WALK;;748;6890
LS;3;"-23.529641,-46.438457;-23.648905,-46.703555";08-30-2019 08:07;Google;2;6;784;SUBWAY;METRÔ L1;748;6890
LS;3;"-23.529641,-46.438457;-23.648905,-46.703555";08-30-2019 08:07;Google;2;7;0;WALK;;748;6890
LS;3;"-23.529641,-46.438457;-23.648905,-46.703555";08-30-2019 08:07;Google;2;8;1620;SUBWAY;METRÔ L5;748;6890
LS;3;"-23.529641,-46.438457;-23.648905,-46.703555";08-30-2019 08:07;Google;2;9;139;WALK;;748;6890
LS;3;"-23.529641,-46.438457;-23.648905,-46.703555";08-30-2019 08:07;Google;3;1;414;WALK;;748;6929
LS;3;"-23.529641,-46.438457;-23.648905,-46.703555";08-30-2019 08:07;Google;3;2;1023;BUS;3766-10;748;6929
LS;3;"-23.529641,-46.438457;-23.648905,-46.703555";08-30-2019 08:07;Google;3;3;1190;WALK;;748;6929
LS;3;"-23.529641,-46.438457;-23.648905,-46.703555";08-30-2019 08:07;Google;3;4;2280;SUBWAY;METRÔ L3;748;6929
LS;3;"-23.529641,-46.438457;-23.648905,-46.703555";08-30-2019 08:07;Google;3;5;0;WALK;;748;6929
LS;3;"-23.529641,-46.438457;-23.648905,-46.703555";08-30-2019 08:07;Google;3;6;784;SUBWAY;METRÔ L1;748;6929
LS;3;"-23.529641,-46.438457;-23.648905,-46.703555";08-30-2019 08:07;Google;3;7;0;WALK;;748;6929
LS;3;"-23.529641,-46.438457;-23.648905,-46.703555";08-30-2019 08:07;Google;3;8;1620;SUBWAY;METRÔ L5;748;6929
LS;3;"-23.529641,-46.438457;-23.648905,-46.703555";08-30-2019 08:07;Google;3;9;139;WALK;;748;6929
LS;3;"-23.529641,-46.438457;-23.648905,-46.703555";08-30-2019 08:07;Google;4;1;165;WALK;;748;7878
LS;3;"-23.529641,-46.438457;-23.648905,-46.703555";08-30-2019 08:07;Google;4;2;1055;BUS;2705-10;748;7878
LS;3;"-23.529641,-46.438457;-23.648905,-46.703555";08-30-2019 08:07;Google;4;3;108;WALK;;748;7878
LS;3;"-23.529641,-46.438457;-23.648905,-46.703555";08-30-2019 08:07;Google;4;4;2470;SUBWAY;METRÔ L3;748;7878
LS;3;"-23.529641,-46.438457;-23.648905,-46.703555";08-30-2019 08:07;Google;4;5;325;WALK;;748;7878
LS;3;"-23.529641,-46.438457;-23.648905,-46.703555";08-30-2019 08:07;Google;4;6;3135;BUS;6505-10;748;7878
LS;3;"-23.529641,-46.438457;-23.648905,-46.703555";08-30-2019 08:07;Google;4;7;78;WALK;;748;7878
SO;4;"-23.695285,-46.708019;-23.559256,-46.729138";08-30-2019 08:07;Google;1;1;664;WALK;;2383;4723
SO;4;"-23.695285,-46.708019;-23.559256,-46.729138";08-30-2019 08:07;Google;1;2;1110;BUS;6960-10;2383;4723
SO;4;"-23.695285,-46.708019;-23.559256,-46.729138";08-30-2019 08:07;Google;1;3;141;WALK;;2383;4723
SO;4;"-23.695285,-46.708019;-23.559256,-46.729138";08-30-2019 08:07;Google;1;4;900;RAIL;CPTM L09;2383;4723
SO;4;"-23.695285,-46.708019;-23.559256,-46.729138";08-30-2019 08:07;Google;1;5;4;WALK;;2383;4723
SO;4;"-23.695285,-46.708019;-23.559256,-46.729138";08-30-2019 08:07;Google;1;6;2071;BUS;280BI1;2383;4723
SO;4;"-23.695285,-46.708019;-23.559256,-46.729138";08-30-2019 08:07;Google;1;7;77;WALK;;2383;4723
SO;4;"-23.695285,-46.708019;-23.559256,-46.729138";08-30-2019 08:07;Google;2;1;743;WALK;;2383;4792
SO;4;"-23.695285,-46.708019;-23.559256,-46.729138";08-30-2019 08:07;Google;2;2;1092;BUS;6027-10;2383;4792
SO;4;"-23.695285,-46.708019;-23.559256,-46.729138";08-30-2019 08:07;Google;2;3;141;WALK;;2383;4792
SO;4;"-23.695285,-46.708019;-23.559256,-46.729138";08-30-2019 08:07;Google;2;4;900;RAIL;CPTM L09;2383;4792
SO;4;"-23.695285,-46.708019;-23.559256,-46.729138";08-30-2019 08:07;Google;2;5;4;WALK;;2383;4792
SO;4;"-23.695285,-46.708019;-23.559256,-46.729138";08-30-2019 08:07;Google;2;6;2071;BUS;280BI1;2383;4792
SO;4;"-23.695285,-46.708019;-23.559256,-46.729138";08-30-2019 08:07;Google;2;7;77;WALK;;2383;4792
SO;4;"-23.695285,-46.708019;-23.559256,-46.729138";08-30-2019 08:07;Google;3;1;664;WALK;;748;4783
SO;4;"-23.695285,-46.708019;-23.559256,-46.729138";08-30-2019 08:07;Google;3;2;1081;BUS;6960-10;748;4783
SO;4;"-23.695285,-46.708019;-23.559256,-46.729138";08-30-2019 08:07;Google;3;3;141;WALK;;748;4783
SO;4;"-23.695285,-46.708019;-23.559256,-46.729138";08-30-2019 08:07;Google;3;4;1260;RAIL;CPTM L09;748;4783
SO;4;"-23.695285,-46.708019;-23.559256,-46.729138";08-30-2019 08:07;Google;3;5;417;WALK;;748;4783
SO;4;"-23.695285,-46.708019;-23.559256,-46.729138";08-30-2019 08:07;Google;3;6;859;BUS;177H-10;748;4783
SO;4;"-23.695285,-46.708019;-23.559256,-46.729138";08-30-2019 08:07;Google;3;7;54;WALK;;748;4783
SO;4;"-23.695285,-46.708019;-23.559256,-46.729138";08-30-2019 08:07;Google;4;1;664;WALK;;2065;5734
SO;4;"-23.695285,-46.708019;-23.559256,-46.729138";08-30-2019 08:07;Google;4;2;2058;BUS;6913-10;2065;5734
SO;4;"-23.695285,-46.708019;-23.559256,-46.729138";08-30-2019 08:07;Google;4;3;156;WALK;;2065;5734
SO;4;"-23.695285,-46.708019;-23.559256,-46.729138";08-30-2019 08:07;Google;4;4;3539;BUS;280BI1;2065;5734
SO;4;"-23.695285,-46.708019;-23.559256,-46.729138";08-30-2019 08:07;Google;4;5;77;WALK;;2065;5734
LO;1;"-23.542238,-46.436435;-23.571924,-46.690373";08-30-2019 08:22;Google;1;1;531;WALK;;765;4070
LO;1;"-23.542238,-46.436435;-23.571924,-46.690373";08-30-2019 08:22;Google;1;2;1440;RAIL;CPTM L11;765;4070
LO;1;"-23.542238,-46.436435;-23.571924,-46.690373";08-30-2019 08:22;Google;1;3;248;WALK;;765;4070
LO;1;"-23.542238,-46.436435;-23.571924,-46.690373";08-30-2019 08:22;Google;1;4;840;SUBWAY;METRÔ L4;765;4070
LO;1;"-23.542238,-46.436435;-23.571924,-46.690373";08-30-2019 08:22;Google;1;5;586;WALK;;765;4070
LO;1;"-23.542238,-46.436435;-23.571924,-46.690373";08-30-2019 08:22;Google;2;1;46;WALK;;765;4215
LO;1;"-23.542238,-46.436435;-23.571924,-46.690373";08-30-2019 08:22;Google;2;2;864;BUS;3732-10;765;4215
LO;1;"-23.542238,-46.436435;-23.571924,-46.690373";08-30-2019 08:22;Google;2;3;9;WALK;;765;4215
LO;1;"-23.542238,-46.436435;-23.571924,-46.690373";08-30-2019 08:22;Google;2;4;1080;RAIL;CPTM L11;765;4215
LO;1;"-23.542238,-46.436435;-23.571924,-46.690373";08-30-2019 08:22;Google;2;5;248;WALK;;765;4215
LO;1;"-23.542238,-46.436435;-23.571924,-46.690373";08-30-2019 08:22;Google;2;6;840;SUBWAY;METRÔ L4;765;4215
LO;1;"-23.542238,-46.436435;-23.571924,-46.690373";08-30-2019 08:22;Google;2;7;586;WALK;;765;4215
LO;1;"-23.542238,-46.436435;-23.571924,-46.690373";08-30-2019 08:22;Google;3;1;531;WALK;;748;4991
LO;1;"-23.542238,-46.436435;-23.571924,-46.690373";08-30-2019 08:22;Google;3;2;1440;RAIL;CPTM L11;748;4991
LO;1;"-23.542238,-46.436435;-23.571924,-46.690373";08-30-2019 08:22;Google;3;3;101;WALK;;748;4991
LO;1;"-23.542238,-46.436435;-23.571924,-46.690373";08-30-2019 08:22;Google;3;4;2433;BUS;107T-10;748;4991
LO;1;"-23.542238,-46.436435;-23.571924,-46.690373";08-30-2019 08:22;Google;3;5;180;WALK;;748;4991
LO;1;"-23.542238,-46.436435;-23.571924,-46.690373";08-30-2019 08:22;Google;4;1;46;WALK;;748;5496
LO;1;"-23.542238,-46.436435;-23.571924,-46.690373";08-30-2019 08:22;Google;4;2;864;BUS;3732-10;748;5496
LO;1;"-23.542238,-46.436435;-23.571924,-46.690373";08-30-2019 08:22;Google;4;3;9;WALK;;748;5496
LO;1;"-23.542238,-46.436435;-23.571924,-46.690373";08-30-2019 08:22;Google;4;4;720;RAIL;CPTM L11;748;5496
LO;1;"-23.542238,-46.436435;-23.571924,-46.690373";08-30-2019 08:22;Google;4;5;235;WALK;;748;5496
LO;1;"-23.542238,-46.436435;-23.571924,-46.690373";08-30-2019 08:22;Google;4;6;2125;BUS;702C-10;748;5496
LO;1;"-23.542238,-46.436435;-23.571924,-46.690373";08-30-2019 08:22;Google;4;7;133;WALK;;748;5496
NS;2;"-23.498320,-46.655980;-23.606884,-46.693306";08-30-2019 08:22;Google;1;1;148;WALK;;765;5200
NS;2;"-23.498320,-46.655980;-23.606884,-46.693306";08-30-2019 08:22;Google;1;2;1560;BUS;177H-10;765;5200
NS;2;"-23.498320,-46.655980;-23.606884,-46.693306";08-30-2019 08:22;Google;1;3;68;WALK;;765;5200
NS;2;"-23.498320,-46.655980;-23.606884,-46.693306";08-30-2019 08:22;Google;1;4;560;SUBWAY;METRÔ L1;765;5200
NS;2;"-23.498320,-46.655980;-23.606884,-46.693306";08-30-2019 08:22;Google;1;5;0;WALK;;765;5200
NS;2;"-23.498320,-46.655980;-23.606884,-46.693306";08-30-2019 08:22;Google;1;6;980;SUBWAY;METRÔ L4;765;5200
NS;2;"-23.498320,-46.655980;-23.606884,-46.693306";08-30-2019 08:22;Google;1;7;0;WALK;;765;5200
NS;2;"-23.498320,-46.655980;-23.606884,-46.693306";08-30-2019 08:22;Google;1;8;720;RAIL;CPTM L09;765;5200
NS;2;"-23.498320,-46.655980;-23.606884,-46.693306";08-30-2019 08:22;Google;1;9;494;WALK;;765;5200
NS;2;"-23.498320,-46.655980;-23.606884,-46.693306";08-30-2019 08:22;Google;2;1;152;WALK;;2495;5530
NS;2;"-23.498320,-46.655980;-23.606884,-46.693306";08-30-2019 08:22;Google;2;2;1689;BUS;148P-10;2495;5530
NS;2;"-23.498320,-46.655980;-23.606884,-46.693306";08-30-2019 08:22;Google;2;3;99;WALK;;2495;5530
NS;2;"-23.498320,-46.655980;-23.606884,-46.693306";08-30-2019 08:22;Google;2;4;1089;BUS;308;2495;5530
NS;2;"-23.498320,-46.655980;-23.606884,-46.693306";08-30-2019 08:22;Google;2;5;74;WALK;;2495;5530
NS;2;"-23.498320,-46.655980;-23.606884,-46.693306";08-30-2019 08:22;Google;2;6;1518;BUS;957T-10;2495;5530
NS;2;"-23.498320,-46.655980;-23.606884,-46.693306";08-30-2019 08:22;Google;2;7;343;BUS;5106-21;2495;5530
NS;2;"-23.498320,-46.655980;-23.606884,-46.693306";08-30-2019 08:22;Google;3;1;152;WALK;;430;6452
NS;2;"-23.498320,-46.655980;-23.606884,-46.693306";08-30-2019 08:22;Google;3;2;4047;BUS;967A-10;430;6452
NS;2;"-23.498320,-46.655980;-23.606884,-46.693306";08-30-2019 08:22;Google;3;3;1504;BUS;709A-10;430;6452
NS;2;"-23.498320,-46.655980;-23.606884,-46.693306";08-30-2019 08:22;Google;4;1;493;WALK;;748;5295
NS;2;"-23.498320,-46.655980;-23.606884,-46.693306";08-30-2019 08:22;Google;4;2;926;BUS;9784-10;748;5295
NS;2;"-23.498320,-46.655980;-23.606884,-46.693306";08-30-2019 08:22;Google;4;3;138;WALK;;748;5295
NS;2;"-23.498320,-46.655980;-23.606884,-46.693306";08-30-2019 08:22;Google;4;4;1822;BUS;209P-10;748;5295
NS;2;"-23.498320,-46.655980;-23.606884,-46.693306";08-30-2019 08:22;Google;4;5;178;WALK;;748;5295
NS;2;"-23.498320,-46.655980;-23.606884,-46.693306";08-30-2019 08:22;Google;4;6;720;RAIL;CPTM L09;748;5295
NS;2;"-23.498320,-46.655980;-23.606884,-46.693306";08-30-2019 08:22;Google;4;7;494;WALK;;748;5295
LS;3;"-23.529641,-46.438457;-23.648905,-46.703555";08-30-2019 08:22;Google;1;1;165;WALK;;748;6746
LS;3;"-23.529641,-46.438457;-23.648905,-46.703555";08-30-2019 08:22;Google;1;2;987;BUS;2705-10;748;6746
LS;3;"-23.529641,-46.438457;-23.648905,-46.703555";08-30-2019 08:22;Google;1;3;108;WALK;;748;6746
LS;3;"-23.529641,-46.438457;-23.648905,-46.703555";08-30-2019 08:22;Google;1;4;2280;SUBWAY;METRÔ L3;748;6746
LS;3;"-23.529641,-46.438457;-23.648905,-46.703555";08-30-2019 08:22;Google;1;5;0;WALK;;748;6746
LS;3;"-23.529641,-46.438457;-23.648905,-46.703555";08-30-2019 08:22;Google;1;6;784;SUBWAY;METRÔ L1;748;6746
LS;3;"-23.529641,-46.438457;-23.648905,-46.703555";08-30-2019 08:22;Google;1;7;0;WALK;;748;6746
LS;3;"-23.529641,-46.438457;-23.648905,-46.703555";08-30-2019 08:22;Google;1;8;1620;SUBWAY;METRÔ L5;748;6746
LS;3;"-23.529641,-46.438457;-23.648905,-46.703555";08-30-2019 08:22;Google;1;9;139;WALK;;748;6746
LS;3;"-23.529641,-46.438457;-23.648905,-46.703555";08-30-2019 08:22;Google;2;1;365;WALK;;748;6871
LS;3;"-23.529641,-46.438457;-23.648905,-46.703555";08-30-2019 08:22;Google;2;2;975;BUS;3754-10;748;6871
LS;3;"-23.529641,-46.438457;-23.648905,-46.703555";08-30-2019 08:22;Google;2;3;0;WALK;;748;6871
LS;3;"-23.529641,-46.438457;-23.648905,-46.703555";08-30-2019 08:22;Google;2;4;2280;SUBWAY;METRÔ L3;748;6871
LS;3;"-23.529641,-46.438457;-23.648905,-46.703555";08-30-2019 08:22;Google;2;5;0;WALK;;748;6871
LS;3;"-23.529641,-46.438457;-23.648905,-46.703555";08-30-2019 08:22;Google;2;6;784;SUBWAY;METRÔ L1;748;6871
LS;3;"-23.529641,-46.438457;-23.648905,-46.703555";08-30-2019 08:22;Google;2;7;0;WALK;;748;6871
LS;3;"-23.529641,-46.438457;-23.648905,-46.703555";08-30-2019 08:22;Google;2;8;1620;SUBWAY;METRÔ L5;748;6871
LS;3;"-23.529641,-46.438457;-23.648905,-46.703555";08-30-2019 08:22;Google;2;9;139;WALK;;748;6871
LS;3;"-23.529641,-46.438457;-23.648905,-46.703555";08-30-2019 08:22;Google;3;1;414;WALK;;748;6914
LS;3;"-23.529641,-46.438457;-23.648905,-46.703555";08-30-2019 08:22;Google;3;2;948;BUS;3766-10;748;6914
LS;3;"-23.529641,-46.438457;-23.648905,-46.703555";08-30-2019 08:22;Google;3;3;1190;WALK;;748;6914
LS;3;"-23.529641,-46.438457;-23.648905,-46.703555";08-30-2019 08:22;Google;3;4;2280;SUBWAY;METRÔ L3;748;6914
LS;3;"-23.529641,-46.438457;-23.648905,-46.703555";08-30-2019 08:22;Google;3;5;0;WALK;;748;6914
LS;3;"-23.529641,-46.438457;-23.648905,-46.703555";08-30-2019 08:22;Google;3;6;784;SUBWAY;METRÔ L1;748;6914
LS;3;"-23.529641,-46.438457;-23.648905,-46.703555";08-30-2019 08:22;Google;3;7;0;WALK;;748;6914
LS;3;"-23.529641,-46.438457;-23.648905,-46.703555";08-30-2019 08:22;Google;3;8;1620;SUBWAY;METRÔ L5;748;6914
LS;3;"-23.529641,-46.438457;-23.648905,-46.703555";08-30-2019 08:22;Google;3;9;139;WALK;;748;6914
LS;3;"-23.529641,-46.438457;-23.648905,-46.703555";08-30-2019 08:22;Google;4;1;365;WALK;;748;6964
LS;3;"-23.529641,-46.438457;-23.648905,-46.703555";08-30-2019 08:22;Google;4;2;1006;BUS;2708-10;748;6964
LS;3;"-23.529641,-46.438457;-23.648905,-46.703555";08-30-2019 08:22;Google;4;3;108;WALK;;748;6964
LS;3;"-23.529641,-46.438457;-23.648905,-46.703555";08-30-2019 08:22;Google;4;4;2280;SUBWAY;METRÔ L3;748;6964
LS;3;"-23.529641,-46.438457;-23.648905,-46.703555";08-30-2019 08:22;Google;4;5;0;WALK;;748;6964
LS;3;"-23.529641,-46.438457;-23.648905,-46.703555";08-30-2019 08:22;Google;4;6;784;SUBWAY;METRÔ L1;748;6964
LS;3;"-23.529641,-46.438457;-23.648905,-46.703555";08-30-2019 08:22;Google;4;7;0;WALK;;748;6964
LS;3;"-23.529641,-46.438457;-23.648905,-46.703555";08-30-2019 08:22;Google;4;8;1620;SUBWAY;METRÔ L5;748;6964
LS;3;"-23.529641,-46.438457;-23.648905,-46.703555";08-30-2019 08:22;Google;4;9;139;WALK;;748;6964
SO;4;"-23.695285,-46.708019;-23.559256,-46.729138";08-30-2019 08:22;Google;1;1;664;WALK;;2383;4715
SO;4;"-23.695285,-46.708019;-23.559256,-46.729138";08-30-2019 08:22;Google;1;2;1064;BUS;6960-10;2383;4715
SO;4;"-23.695285,-46.708019;-23.559256,-46.729138";08-30-2019 08:22;Google;1;3;141;WALK;;2383;4715
SO;4;"-23.695285,-46.708019;-23.559256,-46.729138";08-30-2019 08:22;Google;1;4;900;RAIL;CPTM L09;2383;4715
SO;4;"-23.695285,-46.708019;-23.559256,-46.729138";08-30-2019 08:22;Google;1;5;4;WALK;;2383;4715
SO;4;"-23.695285,-46.708019;-23.559256,-46.729138";08-30-2019 08:22;Google;1;6;2071;BUS;280BI1;2383;4715
SO;4;"-23.695285,-46.708019;-23.559256,-46.729138";08-30-2019 08:22;Google;1;7;77;WALK;;2383;4715
SO;4;"-23.695285,-46.708019;-23.559256,-46.729138";08-30-2019 08:22;Google;2;1;743;WALK;;2383;4577
SO;4;"-23.695285,-46.708019;-23.559256,-46.729138";08-30-2019 08:22;Google;2;2;1082;BUS;6027-10;2383;4577
SO;4;"-23.695285,-46.708019;-23.559256,-46.729138";08-30-2019 08:22;Google;2;3;141;WALK;;2383;4577
SO;4;"-23.695285,-46.708019;-23.559256,-46.729138";08-30-2019 08:22;Google;2;4;900;RAIL;CPTM L09;2383;4577
SO;4;"-23.695285,-46.708019;-23.559256,-46.729138";08-30-2019 08:22;Google;2;5;4;WALK;;2383;4577
SO;4;"-23.695285,-46.708019;-23.559256,-46.729138";08-30-2019 08:22;Google;2;6;2071;BUS;280BI1;2383;4577
SO;4;"-23.695285,-46.708019;-23.559256,-46.729138";08-30-2019 08:22;Google;2;7;77;WALK;;2383;4577
SO;4;"-23.695285,-46.708019;-23.559256,-46.729138";08-30-2019 08:22;Google;3;1;664;WALK;;765;4692
SO;4;"-23.695285,-46.708019;-23.559256,-46.729138";08-30-2019 08:22;Google;3;2;1064;BUS;6960-10;765;4692
SO;4;"-23.695285,-46.708019;-23.559256,-46.729138";08-30-2019 08:22;Google;3;3;141;WALK;;765;4692
SO;4;"-23.695285,-46.708019;-23.559256,-46.729138";08-30-2019 08:22;Google;3;4;1260;RAIL;CPTM L09;765;4692
SO;4;"-23.695285,-46.708019;-23.559256,-46.729138";08-30-2019 08:22;Google;3;5;0;WALK;;765;4692
SO;4;"-23.695285,-46.708019;-23.559256,-46.729138";08-30-2019 08:22;Google;3;6;140;SUBWAY;METRÔ L4;765;4692
SO;4;"-23.695285,-46.708019;-23.559256,-46.729138";08-30-2019 08:22;Google;3;7;49;WALK;;765;4692
SO;4;"-23.695285,-46.708019;-23.559256,-46.729138";08-30-2019 08:22;Google;3;8;664;BUS;177H-10;765;4692
SO;4;"-23.695285,-46.708019;-23.559256,-46.729138";08-30-2019 08:22;Google;3;9;54;WALK;;765;4692
SO;4;"-23.695285,-46.708019;-23.559256,-46.729138";08-30-2019 08:22;Google;4;1;664;WALK;;748;6179
SO;4;"-23.695285,-46.708019;-23.559256,-46.729138";08-30-2019 08:22;Google;4;2;1110;BUS;6960-10;748;6179
SO;4;"-23.695285,-46.708019;-23.559256,-46.729138";08-30-2019 08:22;Google;4;3;141;WALK;;748;6179
SO;4;"-23.695285,-46.708019;-23.559256,-46.729138";08-30-2019 08:22;Google;4;4;1440;RAIL;CPTM L09;748;6179
SO;4;"-23.695285,-46.708019;-23.559256,-46.729138";08-30-2019 08:22;Google;4;5;215;WALK;;748;6179
SO;4;"-23.695285,-46.708019;-23.559256,-46.729138";08-30-2019 08:22;Google;4;6;822;BUS;809U-10;748;6179
SO;4;"-23.695285,-46.708019;-23.559256,-46.729138";08-30-2019 08:22;Google;4;7;54;WALK;;748;6179
LO;1;"-23.542238,-46.436435;-23.571924,-46.690373";08-30-2019 08:22;OTP;1;1;727;WALK;;765;3672
LO;1;"-23.542238,-46.436435;-23.571924,-46.690373";08-30-2019 08:22;OTP;1;2;1685;RAIL;CPTM L11;765;3672
LO;1;"-23.542238,-46.436435;-23.571924,-46.690373";08-30-2019 08:22;OTP;1;3;167;WALK;;765;3672
LO;1;"-23.542238,-46.436435;-23.571924,-46.690373";08-30-2019 08:22;OTP;1;4;756;SUBWAY;METRÔ L4;765;3672
LO;1;"-23.542238,-46.436435;-23.571924,-46.690373";08-30-2019 08:22;OTP;1;5;46;WALK;;765;3672
LO;1;"-23.542238,-46.436435;-23.571924,-46.690373";08-30-2019 08:22;OTP;1;6;121;BUS;6262-10;765;3672
LO;1;"-23.542238,-46.436435;-23.571924,-46.690373";08-30-2019 08:22;OTP;1;7;49;WALK;;765;3672
LO;1;"-23.542238,-46.436435;-23.571924,-46.690373";08-30-2019 08:22;OTP;2;1;727;WALK;;765;3731
LO;1;"-23.542238,-46.436435;-23.571924,-46.690373";08-30-2019 08:22;OTP;2;2;1685;RAIL;CPTM L11;765;3731
LO;1;"-23.542238,-46.436435;-23.571924,-46.690373";08-30-2019 08:22;OTP;2;3;167;WALK;;765;3731
LO;1;"-23.542238,-46.436435;-23.571924,-46.690373";08-30-2019 08:22;OTP;2;4;756;SUBWAY;METRÔ L4;765;3731
LO;1;"-23.542238,-46.436435;-23.571924,-46.690373";08-30-2019 08:22;OTP;2;5;61;WALK;;765;3731
LO;1;"-23.542238,-46.436435;-23.571924,-46.690373";08-30-2019 08:22;OTP;2;6;133;BUS;875C-1;765;3731
LO;1;"-23.542238,-46.436435;-23.571924,-46.690373";08-30-2019 08:22;OTP;2;7;49;WALK;;765;3731
LO;1;"-23.542238,-46.436435;-23.571924,-46.690373";08-30-2019 08:22;OTP;3;1;727;WALK;;765;3755
LO;1;"-23.542238,-46.436435;-23.571924,-46.690373";08-30-2019 08:22;OTP;3;2;1685;RAIL;CPTM L11;765;3755
LO;1;"-23.542238,-46.436435;-23.571924,-46.690373";08-30-2019 08:22;OTP;3;3;167;WALK;;765;3755
LO;1;"-23.542238,-46.436435;-23.571924,-46.690373";08-30-2019 08:22;OTP;3;4;756;SUBWAY;METRÔ L4;765;3755
LO;1;"-23.542238,-46.436435;-23.571924,-46.690373";08-30-2019 08:22;OTP;3;5;46;WALK;;765;3755
LO;1;"-23.542238,-46.436435;-23.571924,-46.690373";08-30-2019 08:22;OTP;3;6;122;BUS;9050-10;765;3755
LO;1;"-23.542238,-46.436435;-23.571924,-46.690373";08-30-2019 08:22;OTP;3;7;49;WALK;;765;3755
LO;1;"-23.542238,-46.436435;-23.571924,-46.690373";08-30-2019 08:22;OTP;4;1;727;WALK;;765;3764
LO;1;"-23.542238,-46.436435;-23.571924,-46.690373";08-30-2019 08:22;OTP;4;2;1685;RAIL;CPTM L11;765;3764
LO;1;"-23.542238,-46.436435;-23.571924,-46.690373";08-30-2019 08:22;OTP;4;3;167;WALK;;765;3764
LO;1;"-23.542238,-46.436435;-23.571924,-46.690373";08-30-2019 08:22;OTP;4;4;756;SUBWAY;METRÔ L4;765;3764
LO;1;"-23.542238,-46.436435;-23.571924,-46.690373";08-30-2019 08:22;OTP;4;5;61;WALK;;765;3764
LO;1;"-23.542238,-46.436435;-23.571924,-46.690373";08-30-2019 08:22;OTP;4;6;135;BUS;847P-10;765;3764
LO;1;"-23.542238,-46.436435;-23.571924,-46.690373";08-30-2019 08:22;OTP;4;7;49;WALK;;765;3764
LO;1;"-23.542238,-46.436435;-23.571924,-46.690373";08-30-2019 08:22;OTP;5;1;727;WALK;;765;3991
LO;1;"-23.542238,-46.436435;-23.571924,-46.690373";08-30-2019 08:22;OTP;5;2;1685;RAIL;CPTM L11;765;3991
LO;1;"-23.542238,-46.436435;-23.571924,-46.690373";08-30-2019 08:22;OTP;5;3;167;WALK;;765;3991
LO;1;"-23.542238,-46.436435;-23.571924,-46.690373";08-30-2019 08:22;OTP;5;4;756;SUBWAY;METRÔ L4;765;3991
LO;1;"-23.542238,-46.436435;-23.571924,-46.690373";08-30-2019 08:22;OTP;5;5;475;WALK;;765;3991
NS;2;"-23.498320,-46.655980;-23.606884,-46.693306";08-30-2019 08:22;OTP;1;1;598;WALK;;748;4773
NS;2;"-23.498320,-46.655980;-23.606884,-46.693306";08-30-2019 08:22;OTP;1;2;900;BUS;2014-10;748;4773
NS;2;"-23.498320,-46.655980;-23.606884,-46.693306";08-30-2019 08:22;OTP;1;3;1776;BUS;177Y-10;748;4773
NS;2;"-23.498320,-46.655980;-23.606884,-46.693306";08-30-2019 08:22;OTP;1;4;233;WALK;;748;4773
NS;2;"-23.498320,-46.655980;-23.606884,-46.693306";08-30-2019 08:22;OTP;1;5;680;RAIL;CPTM L09;748;4773
NS;2;"-23.498320,-46.655980;-23.606884,-46.693306";08-30-2019 08:22;OTP;1;6;514;WALK;;748;4773
NS;2;"-23.498320,-46.655980;-23.606884,-46.693306";08-30-2019 08:22;OTP;2;1;149;WALK;;765;4922
NS;2;"-23.498320,-46.655980;-23.606884,-46.693306";08-30-2019 08:22;OTP;2;2;1581;BUS;177H-10;765;4922
NS;2;"-23.498320,-46.655980;-23.606884,-46.693306";08-30-2019 08:22;OTP;2;3;98;WALK;;765;4922
NS;2;"-23.498320,-46.655980;-23.606884,-46.693306";08-30-2019 08:22;OTP;2;4;535;SUBWAY;METRÔ L1;765;4922
NS;2;"-23.498320,-46.655980;-23.606884,-46.693306";08-30-2019 08:22;OTP;2;5;22;WALK;;765;4922
NS;2;"-23.498320,-46.655980;-23.606884,-46.693306";08-30-2019 08:22;OTP;2;6;882;SUBWAY;METRÔ L4;765;4922
NS;2;"-23.498320,-46.655980;-23.606884,-46.693306";08-30-2019 08:22;OTP;2;7;123;WALK;;765;4922
NS;2;"-23.498320,-46.655980;-23.606884,-46.693306";08-30-2019 08:22;OTP;2;8;680;RAIL;CPTM L09;765;4922
NS;2;"-23.498320,-46.655980;-23.606884,-46.693306";08-30-2019 08:22;OTP;2;9;514;WALK;;765;4922
NS;2;"-23.498320,-46.655980;-23.606884,-46.693306";08-30-2019 08:22;OTP;3;1;530;WALK;;748;5378
NS;2;"-23.498320,-46.655980;-23.606884,-46.693306";08-30-2019 08:22;OTP;3;2;1146;BUS;9784-10;748;5378
NS;2;"-23.498320,-46.655980;-23.606884,-46.693306";08-30-2019 08:22;OTP;3;3;109;WALK;;748;5378
NS;2;"-23.498320,-46.655980;-23.606884,-46.693306";08-30-2019 08:22;OTP;3;4;1600;RAIL;CPTM L08;748;5378
NS;2;"-23.498320,-46.655980;-23.606884,-46.693306";08-30-2019 08:22;OTP;3;5;19;WALK;;748;5378
NS;2;"-23.498320,-46.655980;-23.606884,-46.693306";08-30-2019 08:22;OTP;3;6;1360;RAIL;CPTM L09;748;5378
NS;2;"-23.498320,-46.655980;-23.606884,-46.693306";08-30-2019 08:22;OTP;3;7;514;WALK;;748;5378
NS;2;"-23.498320,-46.655980;-23.606884,-46.693306";08-30-2019 08:22;OTP;4;1;695;WALK;;430;5770
NS;2;"-23.498320,-46.655980;-23.606884,-46.693306";08-30-2019 08:22;OTP;4;2;1076;BUS;2014-10;430;5770
NS;2;"-23.498320,-46.655980;-23.606884,-46.693306";08-30-2019 08:22;OTP;4;3;1798;BUS;209P-10;430;5770
NS;2;"-23.498320,-46.655980;-23.606884,-46.693306";08-30-2019 08:22;OTP;4;4;78;WALK;;430;5770
NS;2;"-23.498320,-46.655980;-23.606884,-46.693306";08-30-2019 08:22;OTP;4;5;1914;BUS;709M-10;430;5770
NS;2;"-23.498320,-46.655980;-23.606884,-46.693306";08-30-2019 08:22;OTP;4;6;123;WALK;;430;5770
NS;2;"-23.498320,-46.655980;-23.606884,-46.693306";08-30-2019 08:22;OTP;5;1;145;WALK;;430;6899
NS;2;"-23.498320,-46.655980;-23.606884,-46.693306";08-30-2019 08:22;OTP;5;2;4891;BUS;967A-10;430;6899
NS;2;"-23.498320,-46.655980;-23.606884,-46.693306";08-30-2019 08:22;OTP;5;3;1504;BUS;709A-10;430;6899
NS;2;"-23.498320,-46.655980;-23.606884,-46.693306";08-30-2019 08:22;OTP;5;4;123;WALK;;430;6899
LS;3;"-23.529641,-46.438457;-23.648905,-46.703555";08-30-2019 08:22;OTP;1;1;164;WALK;;765;5833
LS;3;"-23.529641,-46.438457;-23.648905,-46.703555";08-30-2019 08:22;OTP;1;2;444;BUS;342N-10;765;5833
LS;3;"-23.529641,-46.438457;-23.648905,-46.703555";08-30-2019 08:22;OTP;1;3;132;BUS;4020-10;765;5833
LS;3;"-23.529641,-46.438457;-23.648905,-46.703555";08-30-2019 08:22;OTP;1;4;219;WALK;;765;5833
LS;3;"-23.529641,-46.438457;-23.648905,-46.703555";08-30-2019 08:22;OTP;1;5;1348;RAIL;CPTM L11;765;5833
LS;3;"-23.529641,-46.438457;-23.648905,-46.703555";08-30-2019 08:22;OTP;1;6;151;WALK;;765;5833
LS;3;"-23.529641,-46.438457;-23.648905,-46.703555";08-30-2019 08:22;OTP;1;7;963;SUBWAY;METRÔ L1;765;5833
LS;3;"-23.529641,-46.438457;-23.648905,-46.703555";08-30-2019 08:22;OTP;1;8;11;WALK;;765;5833
LS;3;"-23.529641,-46.438457;-23.648905,-46.703555";08-30-2019 08:22;OTP;1;9;1521;SUBWAY;METRÔ L5;765;5833
LS;3;"-23.529641,-46.438457;-23.648905,-46.703555";08-30-2019 08:22;OTP;1;10;129;WALK;;765;5833
LS;3;"-23.529641,-46.438457;-23.648905,-46.703555";08-30-2019 08:22;OTP;2;1;195;WALK;;765;6166
LS;3;"-23.529641,-46.438457;-23.648905,-46.703555";08-30-2019 08:22;OTP;2;2;520;BUS;342N-10;765;6166
LS;3;"-23.529641,-46.438457;-23.648905,-46.703555";08-30-2019 08:22;OTP;2;3;119;WALK;;765;6166
LS;3;"-23.529641,-46.438457;-23.648905,-46.703555";08-30-2019 08:22;OTP;2;4;2022;RAIL;CPTM L11;765;6166
LS;3;"-23.529641,-46.438457;-23.648905,-46.703555";08-30-2019 08:22;OTP;2;5;151;WALK;;765;6166
LS;3;"-23.529641,-46.438457;-23.648905,-46.703555";08-30-2019 08:22;OTP;2;6;963;SUBWAY;METRÔ L1;765;6166
LS;3;"-23.529641,-46.438457;-23.648905,-46.703555";08-30-2019 08:22;OTP;2;7;11;WALK;;765;6166
LS;3;"-23.529641,-46.438457;-23.648905,-46.703555";08-30-2019 08:22;OTP;2;8;1521;SUBWAY;METRÔ L5;765;6166
LS;3;"-23.529641,-46.438457;-23.648905,-46.703555";08-30-2019 08:22;OTP;2;9;129;WALK;;765;6166
LS;3;"-23.529641,-46.438457;-23.648905,-46.703555";08-30-2019 08:22;OTP;3;1;195;WALK;;765;6242
LS;3;"-23.529641,-46.438457;-23.648905,-46.703555";08-30-2019 08:22;OTP;3;2;693;BUS;342N-10;765;6242
LS;3;"-23.529641,-46.438457;-23.648905,-46.703555";08-30-2019 08:22;OTP;3;3;119;WALK;;765;6242
LS;3;"-23.529641,-46.438457;-23.648905,-46.703555";08-30-2019 08:22;OTP;3;4;2022;RAIL;CPTM L11;765;6242
LS;3;"-23.529641,-46.438457;-23.648905,-46.703555";08-30-2019 08:22;OTP;3;5;151;WALK;;765;6242
LS;3;"-23.529641,-46.438457;-23.648905,-46.703555";08-30-2019 08:22;OTP;3;6;963;SUBWAY;METRÔ L1;765;6242
LS;3;"-23.529641,-46.438457;-23.648905,-46.703555";08-30-2019 08:22;OTP;3;7;11;WALK;;765;6242
LS;3;"-23.529641,-46.438457;-23.648905,-46.703555";08-30-2019 08:22;OTP;3;8;1521;SUBWAY;METRÔ L5;765;6242
LS;3;"-23.529641,-46.438457;-23.648905,-46.703555";08-30-2019 08:22;OTP;3;9;129;WALK;;765;6242
LS;3;"-23.529641,-46.438457;-23.648905,-46.703555";08-30-2019 08:22;OTP;4;1;195;WALK;;748;6641
LS;3;"-23.529641,-46.438457;-23.648905,-46.703555";08-30-2019 08:22;OTP;4;2;520;BUS;342N-10;748;6641
LS;3;"-23.529641,-46.438457;-23.648905,-46.703555";08-30-2019 08:22;OTP;4;3;119;WALK;;748;6641
LS;3;"-23.529641,-46.438457;-23.648905,-46.703555";08-30-2019 08:22;OTP;4;4;2022;RAIL;CPTM L11;748;6641
LS;3;"-23.529641,-46.438457;-23.648905,-46.703555";08-30-2019 08:22;OTP;4;5;107;WALK;;748;6641
LS;3;"-23.529641,-46.438457;-23.648905,-46.703555";08-30-2019 08:22;OTP;4;6;381;BUS;5154-10;748;6641
LS;3;"-23.529641,-46.438457;-23.648905,-46.703555";08-30-2019 08:22;OTP;4;7;2808;BUS;5317-10;748;6641
LS;3;"-23.529641,-46.438457;-23.648905,-46.703555";08-30-2019 08:22;OTP;4;8;223;WALK;;748;6641
LS;3;"-23.529641,-46.438457;-23.648905,-46.703555";08-30-2019 08:22;OTP;5;1;195;WALK;;765;6800
LS;3;"-23.529641,-46.438457;-23.648905,-46.703555";08-30-2019 08:22;OTP;5;2;705;BUS;342N-10;765;6800
LS;3;"-23.529641,-46.438457;-23.648905,-46.703555";08-30-2019 08:22;OTP;5;3;119;WALK;;765;6800
LS;3;"-23.529641,-46.438457;-23.648905,-46.703555";08-30-2019 08:22;OTP;5;4;2022;RAIL;CPTM L11;765;6800
LS;3;"-23.529641,-46.438457;-23.648905,-46.703555";08-30-2019 08:22;OTP;5;5;151;WALK;;765;6800
LS;3;"-23.529641,-46.438457;-23.648905,-46.703555";08-30-2019 08:22;OTP;5;6;963;SUBWAY;METRÔ L1;765;6800
LS;3;"-23.529641,-46.438457;-23.648905,-46.703555";08-30-2019 08:22;OTP;5;7;11;WALK;;765;6800
LS;3;"-23.529641,-46.438457;-23.648905,-46.703555";08-30-2019 08:22;OTP;5;8;1521;SUBWAY;METRÔ L5;765;6800
LS;3;"-23.529641,-46.438457;-23.648905,-46.703555";08-30-2019 08:22;OTP;5;9;129;WALK;;765;6800
SO;4;"-23.695285,-46.708019;-23.559256,-46.729138";08-30-2019 08:22;OTP;1;1;820;WALK;;748;4823
SO;4;"-23.695285,-46.708019;-23.559256,-46.729138";08-30-2019 08:22;OTP;1;2;888;BUS;6960-10;748;4823
SO;4;"-23.695285,-46.708019;-23.559256,-46.729138";08-30-2019 08:22;OTP;1;3;235;WALK;;748;4823
SO;4;"-23.695285,-46.708019;-23.559256,-46.729138";08-30-2019 08:22;OTP;1;4;1530;RAIL;CPTM L09;748;4823
SO;4;"-23.695285,-46.708019;-23.559256,-46.729138";08-30-2019 08:22;OTP;1;5;324;WALK;;748;4823
SO;4;"-23.695285,-46.708019;-23.559256,-46.729138";08-30-2019 08:22;OTP;1;6;750;BUS;809U-10;748;4823
SO;4;"-23.695285,-46.708019;-23.559256,-46.729138";08-30-2019 08:22;OTP;1;7;57;WALK;;748;4823
SO;4;"-23.695285,-46.708019;-23.559256,-46.729138";08-30-2019 08:22;OTP;2;1;820;WALK;;748;4872
SO;4;"-23.695285,-46.708019;-23.559256,-46.729138";08-30-2019 08:22;OTP;2;2;936;BUS;6970-10;748;4872
SO;4;"-23.695285,-46.708019;-23.559256,-46.729138";08-30-2019 08:22;OTP;2;3;235;WALK;;748;4872
SO;4;"-23.695285,-46.708019;-23.559256,-46.729138";08-30-2019 08:22;OTP;2;4;1360;RAIL;CPTM L09;748;4872
SO;4;"-23.695285,-46.708019;-23.559256,-46.729138";08-30-2019 08:22;OTP;2;5;366;WALK;;748;4872
SO;4;"-23.695285,-46.708019;-23.559256,-46.729138";08-30-2019 08:22;OTP;2;6;1030;BUS;177H-10;748;4872
SO;4;"-23.695285,-46.708019;-23.559256,-46.729138";08-30-2019 08:22;OTP;2;7;57;WALK;;748;4872
SO;4;"-23.695285,-46.708019;-23.559256,-46.729138";08-30-2019 08:22;OTP;3;1;885;WALK;;748;4950
SO;4;"-23.695285,-46.708019;-23.559256,-46.729138";08-30-2019 08:22;OTP;3;2;848;BUS;6074-10;748;4950
SO;4;"-23.695285,-46.708019;-23.559256,-46.729138";08-30-2019 08:22;OTP;3;3;142;WALK;;748;4950
SO;4;"-23.695285,-46.708019;-23.559256,-46.729138";08-30-2019 08:22;OTP;3;4;1700;RAIL;CPTM L09;748;4950
SO;4;"-23.695285,-46.708019;-23.559256,-46.729138";08-30-2019 08:22;OTP;3;5;513;WALK;;748;4950
SO;4;"-23.695285,-46.708019;-23.559256,-46.729138";08-30-2019 08:22;OTP;3;6;686;BUS;8022-10;748;4950
SO;4;"-23.695285,-46.708019;-23.559256,-46.729138";08-30-2019 08:22;OTP;3;7;130;WALK;;748;4950
SO;4;"-23.695285,-46.708019;-23.559256,-46.729138";08-30-2019 08:22;OTP;4;1;885;WALK;;748;4983
SO;4;"-23.695285,-46.708019;-23.559256,-46.729138";08-30-2019 08:22;OTP;4;2;606;BUS;6074-10;748;4983
SO;4;"-23.695285,-46.708019;-23.559256,-46.729138";08-30-2019 08:22;OTP;4;3;142;WALK;;748;4983
SO;4;"-23.695285,-46.708019;-23.559256,-46.729138";08-30-2019 08:22;OTP;4;4;1360;RAIL;CPTM L09;748;4983
SO;4;"-23.695285,-46.708019;-23.559256,-46.729138";08-30-2019 08:22;OTP;4;5;549;WALK;;748;4983
SO;4;"-23.695285,-46.708019;-23.559256,-46.729138";08-30-2019 08:22;OTP;4;6;904;BUS;177H-10;748;4983
SO;4;"-23.695285,-46.708019;-23.559256,-46.729138";08-30-2019 08:22;OTP;4;7;57;WALK;;748;4983
SO;4;"-23.695285,-46.708019;-23.559256,-46.729138";08-30-2019 08:22;OTP;5;1;710;WALK;;748;5822
SO;4;"-23.695285,-46.708019;-23.559256,-46.729138";08-30-2019 08:22;OTP;5;2;918;BUS;607M-10;748;5822
SO;4;"-23.695285,-46.708019;-23.559256,-46.729138";08-30-2019 08:22;OTP;5;3;192;WALK;;748;5822
SO;4;"-23.695285,-46.708019;-23.559256,-46.729138";08-30-2019 08:22;OTP;5;4;2210;RAIL;CPTM L09;748;5822
SO;4;"-23.695285,-46.708019;-23.559256,-46.729138";08-30-2019 08:22;OTP;5;5;324;WALK;;748;5822
SO;4;"-23.695285,-46.708019;-23.559256,-46.729138";08-30-2019 08:22;OTP;5;6;750;BUS;809U-10;748;5822
SO;4;"-23.695285,-46.708019;-23.559256,-46.729138";08-30-2019 08:22;OTP;5;7;57;WALK;;748;5822
LO;1;"-23.542238,-46.436435;-23.571924,-46.690373";08-30-2019 09:03;OTP;1;1;727;WALK;;765;3710
LO;1;"-23.542238,-46.436435;-23.571924,-46.690373";08-30-2019 09:03;OTP;1;2;1685;RAIL;CPTM L11;765;3710
LO;1;"-23.542238,-46.436435;-23.571924,-46.690373";08-30-2019 09:03;OTP;1;3;167;WALK;;765;3710
LO;1;"-23.542238,-46.436435;-23.571924,-46.690373";08-30-2019 09:03;OTP;1;4;756;SUBWAY;METRÔ L4;765;3710
LO;1;"-23.542238,-46.436435;-23.571924,-46.690373";08-30-2019 09:03;OTP;1;5;61;WALK;;765;3710
LO;1;"-23.542238,-46.436435;-23.571924,-46.690373";08-30-2019 09:03;OTP;1;6;161;BUS;856R-10;765;3710
LO;1;"-23.542238,-46.436435;-23.571924,-46.690373";08-30-2019 09:03;OTP;1;7;49;WALK;;765;3710
LO;1;"-23.542238,-46.436435;-23.571924,-46.690373";08-30-2019 09:03;OTP;2;1;727;WALK;;765;3796
LO;1;"-23.542238,-46.436435;-23.571924,-46.690373";08-30-2019 09:03;OTP;2;2;1685;RAIL;CPTM L11;765;3796
LO;1;"-23.542238,-46.436435;-23.571924,-46.690373";08-30-2019 09:03;OTP;2;3;167;WALK;;765;3796
LO;1;"-23.542238,-46.436435;-23.571924,-46.690373";08-30-2019 09:03;OTP;2;4;756;SUBWAY;METRÔ L4;765;3796
LO;1;"-23.542238,-46.436435;-23.571924,-46.690373";08-30-2019 09:03;OTP;2;5;61;WALK;;765;3796
LO;1;"-23.542238,-46.436435;-23.571924,-46.690373";08-30-2019 09:03;OTP;2;6;126;BUS;875C-10;765;3796
LO;1;"-23.542238,-46.436435;-23.571924,-46.690373";08-30-2019 09:03;OTP;2;7;49;WALK;;765;3796
LO;1;"-23.542238,-46.436435;-23.571924,-46.690373";08-30-2019 09:03;OTP;3;1;727;WALK;;765;3991
LO;1;"-23.542238,-46.436435;-23.571924,-46.690373";08-30-2019 09:03;OTP;3;2;1685;RAIL;CPTM L11;765;3991
LO;1;"-23.542238,-46.436435;-23.571924,-46.690373";08-30-2019 09:03;OTP;3;3;167;WALK;;765;3991
LO;1;"-23.542238,-46.436435;-23.571924,-46.690373";08-30-2019 09:03;OTP;3;4;756;SUBWAY;METRÔ L4;765;3991
LO;1;"-23.542238,-46.436435;-23.571924,-46.690373";08-30-2019 09:03;OTP;3;5;475;WALK;;765;3991
LO;1;"-23.542238,-46.436435;-23.571924,-46.690373";08-30-2019 09:03;OTP;4;1;727;WALK;;765;4051
LO;1;"-23.542238,-46.436435;-23.571924,-46.690373";08-30-2019 09:03;OTP;4;2;1685;RAIL;CPTM L11;765;4051
LO;1;"-23.542238,-46.436435;-23.571924,-46.690373";08-30-2019 09:03;OTP;4;3;167;WALK;;765;4051
LO;1;"-23.542238,-46.436435;-23.571924,-46.690373";08-30-2019 09:03;OTP;4;4;756;SUBWAY;METRÔ L4;765;4051
LO;1;"-23.542238,-46.436435;-23.571924,-46.690373";08-30-2019 09:03;OTP;4;5;475;WALK;;765;4051
LO;1;"-23.542238,-46.436435;-23.571924,-46.690373";08-30-2019 09:03;OTP;5;1;727;WALK;;765;4111
LO;1;"-23.542238,-46.436435;-23.571924,-46.690373";08-30-2019 09:03;OTP;5;2;1685;RAIL;CPTM L11;765;4111
LO;1;"-23.542238,-46.436435;-23.571924,-46.690373";08-30-2019 09:03;OTP;5;3;167;WALK;;765;4111
LO;1;"-23.542238,-46.436435;-23.571924,-46.690373";08-30-2019 09:03;OTP;5;4;756;SUBWAY;METRÔ L4;765;4111
LO;1;"-23.542238,-46.436435;-23.571924,-46.690373";08-30-2019 09:03;OTP;5;5;475;WALK;;765;4111
NS;2;"-23.498320,-46.655980;-23.606884,-46.693306";08-30-2019 09:03;OTP;1;1;149;WALK;;765;4789
NS;2;"-23.498320,-46.655980;-23.606884,-46.693306";08-30-2019 09:03;OTP;1;2;1618;BUS;177H-10;765;4789
NS;2;"-23.498320,-46.655980;-23.606884,-46.693306";08-30-2019 09:03;OTP;1;3;98;WALK;;765;4789
NS;2;"-23.498320,-46.655980;-23.606884,-46.693306";08-30-2019 09:03;OTP;1;4;535;SUBWAY;METRÔ L1;765;4789
NS;2;"-23.498320,-46.655980;-23.606884,-46.693306";08-30-2019 09:03;OTP;1;5;22;WALK;;765;4789
NS;2;"-23.498320,-46.655980;-23.606884,-46.693306";08-30-2019 09:03;OTP;1;6;882;SUBWAY;METRÔ L4;765;4789
NS;2;"-23.498320,-46.655980;-23.606884,-46.693306";08-30-2019 09:03;OTP;1;7;123;WALK;;765;4789
NS;2;"-23.498320,-46.655980;-23.606884,-46.693306";08-30-2019 09:03;OTP;1;8;680;RAIL;CPTM L09;765;4789
NS;2;"-23.498320,-46.655980;-23.606884,-46.693306";08-30-2019 09:03;OTP;1;9;514;WALK;;765;4789
NS;2;"-23.498320,-46.655980;-23.606884,-46.693306";08-30-2019 09:03;OTP;2;1;598;WALK;;748;5077
NS;2;"-23.498320,-46.655980;-23.606884,-46.693306";08-30-2019 09:03;OTP;2;2;1207;BUS;2014-10;748;5077
NS;2;"-23.498320,-46.655980;-23.606884,-46.693306";08-30-2019 09:03;OTP;2;3;1676;BUS;209P-10;748;5077
NS;2;"-23.498320,-46.655980;-23.606884,-46.693306";08-30-2019 09:03;OTP;2;4;263;WALK;;748;5077
NS;2;"-23.498320,-46.655980;-23.606884,-46.693306";08-30-2019 09:03;OTP;2;5;680;RAIL;CPTM L09;748;5077
NS;2;"-23.498320,-46.655980;-23.606884,-46.693306";08-30-2019 09:03;OTP;2;6;514;WALK;;748;5077
NS;2;"-23.498320,-46.655980;-23.606884,-46.693306";08-30-2019 09:03;OTP;3;1;144;WALK;;765;5088
NS;2;"-23.498320,-46.655980;-23.606884,-46.693306";08-30-2019 09:03;OTP;3;2;2032;BUS;177H-10;765;5088
NS;2;"-23.498320,-46.655980;-23.606884,-46.693306";08-30-2019 09:03;OTP;3;3;26;WALK;;765;5088
NS;2;"-23.498320,-46.655980;-23.606884,-46.693306";08-30-2019 09:03;OTP;3;4;358;SUBWAY;METRÔ L3;765;5088
NS;2;"-23.498320,-46.655980;-23.606884,-46.693306";08-30-2019 09:03;OTP;3;5;36;WALK;;765;5088
NS;2;"-23.498320,-46.655980;-23.606884,-46.693306";08-30-2019 09:03;OTP;3;6;756;SUBWAY;METRÔ L4;765;5088
NS;2;"-23.498320,-46.655980;-23.606884,-46.693306";08-30-2019 09:03;OTP;3;7;123;WALK;;765;5088
NS;2;"-23.498320,-46.655980;-23.606884,-46.693306";08-30-2019 09:03;OTP;3;8;680;RAIL;CPTM L09;765;5088
NS;2;"-23.498320,-46.655980;-23.606884,-46.693306";08-30-2019 09:03;OTP;3;9;514;WALK;;765;5088
NS;2;"-23.498320,-46.655980;-23.606884,-46.693306";08-30-2019 09:03;OTP;4;1;462;WALK;;748;5392
NS;2;"-23.498320,-46.655980;-23.606884,-46.693306";08-30-2019 09:03;OTP;4;2;1174;BUS;971A-10;748;5392
NS;2;"-23.498320,-46.655980;-23.606884,-46.693306";08-30-2019 09:03;OTP;4;3;92;WALK;;748;5392
NS;2;"-23.498320,-46.655980;-23.606884,-46.693306";08-30-2019 09:03;OTP;4;4;1498;SUBWAY;METRÔ L1;748;5392
NS;2;"-23.498320,-46.655980;-23.606884,-46.693306";08-30-2019 09:03;OTP;4;5;11;WALK;;748;5392
NS;2;"-23.498320,-46.655980;-23.606884,-46.693306";08-30-2019 09:03;OTP;4;6;1014;SUBWAY;METRÔ L5;748;5392
NS;2;"-23.498320,-46.655980;-23.606884,-46.693306";08-30-2019 09:03;OTP;4;7;106;WALK;;748;5392
NS;2;"-23.498320,-46.655980;-23.606884,-46.693306";08-30-2019 09:03;OTP;4;8;834;BUS;607C-10;748;5392
NS;2;"-23.498320,-46.655980;-23.606884,-46.693306";08-30-2019 09:03;OTP;4;9;73;WALK;;748;5392
NS;2;"-23.498320,-46.655980;-23.606884,-46.693306";08-30-2019 09:03;OTP;5;1;530;WALK;;748;5509
NS;2;"-23.498320,-46.655980;-23.606884,-46.693306";08-30-2019 09:03;OTP;5;2;1078;BUS;9784-10;748;5509
NS;2;"-23.498320,-46.655980;-23.606884,-46.693306";08-30-2019 09:03;OTP;5;3;109;WALK;;748;5509
NS;2;"-23.498320,-46.655980;-23.606884,-46.693306";08-30-2019 09:03;OTP;5;4;1600;RAIL;CPTM L08;748;5509
NS;2;"-23.498320,-46.655980;-23.606884,-46.693306";08-30-2019 09:03;OTP;5;5;19;WALK;;748;5509
NS;2;"-23.498320,-46.655980;-23.606884,-46.693306";08-30-2019 09:03;OTP;5;6;1360;RAIL;CPTM L09;748;5509
NS;2;"-23.498320,-46.655980;-23.606884,-46.693306";08-30-2019 09:03;OTP;5;7;514;WALK;;748;5509
LS;3;"-23.529641,-46.438457;-23.648905,-46.703555";08-30-2019 09:03;OTP;1;1;195;WALK;;765;6046
LS;3;"-23.529641,-46.438457;-23.648905,-46.703555";08-30-2019 09:03;OTP;1;2;520;BUS;342N-10;765;6046
LS;3;"-23.529641,-46.438457;-23.648905,-46.703555";08-30-2019 09:03;OTP;1;3;119;WALK;;765;6046
LS;3;"-23.529641,-46.438457;-23.648905,-46.703555";08-30-2019 09:03;OTP;1;4;2022;RAIL;CPTM L11;765;6046
LS;3;"-23.529641,-46.438457;-23.648905,-46.703555";08-30-2019 09:03;OTP;1;5;151;WALK;;765;6046
LS;3;"-23.529641,-46.438457;-23.648905,-46.703555";08-30-2019 09:03;OTP;1;6;963;SUBWAY;METRÔ L1;765;6046
LS;3;"-23.529641,-46.438457;-23.648905,-46.703555";08-30-2019 09:03;OTP;1;7;11;WALK;;765;6046
LS;3;"-23.529641,-46.438457;-23.648905,-46.703555";08-30-2019 09:03;OTP;1;8;1521;SUBWAY;METRÔ L5;765;6046
LS;3;"-23.529641,-46.438457;-23.648905,-46.703555";08-30-2019 09:03;OTP;1;9;129;WALK;;765;6046
LS;3;"-23.529641,-46.438457;-23.648905,-46.703555";08-30-2019 09:03;OTP;2;1;311;WALK;;765;6333
LS;3;"-23.529641,-46.438457;-23.648905,-46.703555";08-30-2019 09:03;OTP;2;2;749;BUS;3754-10;765;6333
LS;3;"-23.529641,-46.438457;-23.648905,-46.703555";08-30-2019 09:03;OTP;2;3;119;WALK;;765;6333
LS;3;"-23.529641,-46.438457;-23.648905,-46.703555";08-30-2019 09:03;OTP;2;4;2022;RAIL;CPTM L11;765;6333
LS;3;"-23.529641,-46.438457;-23.648905,-46.703555";08-30-2019 09:03;OTP;2;5;151;WALK;;765;6333
LS;3;"-23.529641,-46.438457;-23.648905,-46.703555";08-30-2019 09:03;OTP;2;6;963;SUBWAY;METRÔ L1;765;6333
LS;3;"-23.529641,-46.438457;-23.648905,-46.703555";08-30-2019 09:03;OTP;2;7;11;WALK;;765;6333
LS;3;"-23.529641,-46.438457;-23.648905,-46.703555";08-30-2019 09:03;OTP;2;8;1521;SUBWAY;METRÔ L5;765;6333
LS;3;"-23.529641,-46.438457;-23.648905,-46.703555";08-30-2019 09:03;OTP;2;9;129;WALK;;765;6333
LS;3;"-23.529641,-46.438457;-23.648905,-46.703555";08-30-2019 09:03;OTP;3;1;195;WALK;;765;6879
LS;3;"-23.529641,-46.438457;-23.648905,-46.703555";08-30-2019 09:03;OTP;3;2;182;BUS;4003-10;765;6879
LS;3;"-23.529641,-46.438457;-23.648905,-46.703555";08-30-2019 09:03;OTP;3;3;677;WALK;;765;6879
LS;3;"-23.529641,-46.438457;-23.648905,-46.703555";08-30-2019 09:03;OTP;3;4;1685;RAIL;CPTM L11;765;6879
LS;3;"-23.529641,-46.438457;-23.648905,-46.703555";08-30-2019 09:03;OTP;3;5;151;WALK;;765;6879
LS;3;"-23.529641,-46.438457;-23.648905,-46.703555";08-30-2019 09:03;OTP;3;6;963;SUBWAY;METRÔ L1;765;6879
LS;3;"-23.529641,-46.438457;-23.648905,-46.703555";08-30-2019 09:03;OTP;3;7;29;WALK;;765;6879
LS;3;"-23.529641,-46.438457;-23.648905,-46.703555";08-30-2019 09:03;OTP;3;8;2628;BUS;675L-10;765;6879
LS;3;"-23.529641,-46.438457;-23.648905,-46.703555";08-30-2019 09:03;OTP;3;9;88;WALK;;765;6879
LS;3;"-23.529641,-46.438457;-23.648905,-46.703555";08-30-2019 09:03;OTP;4;1;311;WALK;;748;6965
LS;3;"-23.529641,-46.438457;-23.648905,-46.703555";08-30-2019 09:03;OTP;4;2;710;BUS;3686-10;748;6965
LS;3;"-23.529641,-46.438457;-23.648905,-46.703555";08-30-2019 09:03;OTP;4;3;75;WALK;;748;6965
LS;3;"-23.529641,-46.438457;-23.648905,-46.703555";08-30-2019 09:03;OTP;4;4;2022;RAIL;CPTM L11;748;6965
LS;3;"-23.529641,-46.438457;-23.648905,-46.703555";08-30-2019 09:03;OTP;4;5;107;WALK;;748;6965
LS;3;"-23.529641,-46.438457;-23.648905,-46.703555";08-30-2019 09:03;OTP;4;6;1276;BUS;175T-10;748;6965
LS;3;"-23.529641,-46.438457;-23.648905,-46.703555";08-30-2019 09:03;OTP;4;7;1872;BUS;5362-10;748;6965
LS;3;"-23.529641,-46.438457;-23.648905,-46.703555";08-30-2019 09:03;OTP;4;8;223;WALK;;748;6965
LS;3;"-23.529641,-46.438457;-23.648905,-46.703555";08-30-2019 09:03;OTP;5;1;629;WALK;;430;7886
LS;3;"-23.529641,-46.438457;-23.648905,-46.703555";08-30-2019 09:03;OTP;5;2;1406;BUS;407P-10;430;7886
LS;3;"-23.529641,-46.438457;-23.648905,-46.703555";08-30-2019 09:03;OTP;5;3;1504;BUS;3686-10;430;7886
LS;3;"-23.529641,-46.438457;-23.648905,-46.703555";08-30-2019 09:03;OTP;5;4;19;WALK;;430;7886
LS;3;"-23.529641,-46.438457;-23.648905,-46.703555";08-30-2019 09:03;OTP;5;5;3975;BUS;5300-10;430;7886
LS;3;"-23.529641,-46.438457;-23.648905,-46.703555";08-30-2019 09:03;OTP;5;6;88;WALK;;430;7886
SO;4;"-23.695285,-46.708019;-23.559256,-46.729138";08-30-2019 09:03;OTP;1;1;350;WALK;;748;4930
SO;4;"-23.695285,-46.708019;-23.559256,-46.729138";08-30-2019 09:03;OTP;1;2;1560;BUS;6076-41;748;4930
SO;4;"-23.695285,-46.708019;-23.559256,-46.729138";08-30-2019 09:03;OTP;1;3;235;WALK;;748;4930
SO;4;"-23.695285,-46.708019;-23.559256,-46.729138";08-30-2019 09:03;OTP;1;4;1530;RAIL;CPTM L09;748;4930
SO;4;"-23.695285,-46.708019;-23.559256,-46.729138";08-30-2019 09:03;OTP;1;5;324;WALK;;748;4930
SO;4;"-23.695285,-46.708019;-23.559256,-46.729138";08-30-2019 09:03;OTP;1;6;750;BUS;809U-10;748;4930
SO;4;"-23.695285,-46.708019;-23.559256,-46.729138";08-30-2019 09:03;OTP;1;7;57;WALK;;748;4930
SO;4;"-23.695285,-46.708019;-23.559256,-46.729138";08-30-2019 09:03;OTP;2;1;885;WALK;;748;4948
SO;4;"-23.695285,-46.708019;-23.559256,-46.729138";08-30-2019 09:03;OTP;2;2;831;BUS;6074-10;748;4948
SO;4;"-23.695285,-46.708019;-23.559256,-46.729138";08-30-2019 09:03;OTP;2;3;142;WALK;;748;4948
SO;4;"-23.695285,-46.708019;-23.559256,-46.729138";08-30-2019 09:03;OTP;2;4;1700;RAIL;CPTM L09;748;4948
SO;4;"-23.695285,-46.708019;-23.559256,-46.729138";08-30-2019 09:03;OTP;2;5;513;WALK;;748;4948
SO;4;"-23.695285,-46.708019;-23.559256,-46.729138";08-30-2019 09:03;OTP;2;6;686;BUS;8022-10;748;4948
SO;4;"-23.695285,-46.708019;-23.559256,-46.729138";08-30-2019 09:03;OTP;2;7;130;WALK;;748;4948
SO;4;"-23.695285,-46.708019;-23.559256,-46.729138";08-30-2019 09:03;OTP;3;1;751;WALK;;748;4991
SO;4;"-23.695285,-46.708019;-23.559256,-46.729138";08-30-2019 09:03;OTP;3;2;902;BUS;6027-10;748;4991
SO;4;"-23.695285,-46.708019;-23.559256,-46.729138";08-30-2019 09:03;OTP;3;3;235;WALK;;748;4991
SO;4;"-23.695285,-46.708019;-23.559256,-46.729138";08-30-2019 09:03;OTP;3;4;1360;RAIL;CPTM L09;748;4991
SO;4;"-23.695285,-46.708019;-23.559256,-46.729138";08-30-2019 09:03;OTP;3;5;366;WALK;;748;4991
SO;4;"-23.695285,-46.708019;-23.559256,-46.729138";08-30-2019 09:03;OTP;3;6;938;BUS;177H-10;748;4991
SO;4;"-23.695285,-46.708019;-23.559256,-46.729138";08-30-2019 09:03;OTP;3;7;57;WALK;;748;4991
SO;4;"-23.695285,-46.708019;-23.559256,-46.729138";08-30-2019 09:03;OTP;4;1;885;WALK;;748;5461
SO;4;"-23.695285,-46.708019;-23.559256,-46.729138";08-30-2019 09:03;OTP;4;2;788;BUS;6074-10;748;5461
SO;4;"-23.695285,-46.708019;-23.559256,-46.729138";08-30-2019 09:03;OTP;4;3;142;WALK;;748;5461
SO;4;"-23.695285,-46.708019;-23.559256,-46.729138";08-30-2019 09:03;OTP;4;4;1700;RAIL;CPTM L09;748;5461
SO;4;"-23.695285,-46.708019;-23.559256,-46.729138";08-30-2019 09:03;OTP;4;5;324;WALK;;748;5461
SO;4;"-23.695285,-46.708019;-23.559256,-46.729138";08-30-2019 09:03;OTP;4;6;750;BUS;809U-10;748;5461
SO;4;"-23.695285,-46.708019;-23.559256,-46.729138";08-30-2019 09:03;OTP;4;7;57;WALK;;748;5461
SO;4;"-23.695285,-46.708019;-23.559256,-46.729138";08-30-2019 09:03;OTP;5;1;751;WALK;;430;6863
SO;4;"-23.695285,-46.708019;-23.559256,-46.729138";08-30-2019 09:03;OTP;5;2;3812;BUS;637G-10;430;6863
SO;4;"-23.695285,-46.708019;-23.559256,-46.729138";08-30-2019 09:03;OTP;5;3;492;BUS;5119-10;430;6863
SO;4;"-23.695285,-46.708019;-23.559256,-46.729138";08-30-2019 09:03;OTP;5;4;1680;BUS;7181-10;430;6863
SO;4;"-23.695285,-46.708019;-23.559256,-46.729138";08-30-2019 09:03;OTP;5;5;57;WALK;;430;6863
LO;1;"-23.542238,-46.436435;-23.571924,-46.690373";08-30-2019 09:03;Google;1;1;531;WALK;;765;4070
LO;1;"-23.542238,-46.436435;-23.571924,-46.690373";08-30-2019 09:03;Google;1;2;1440;RAIL;CPTM L11;765;4070
LO;1;"-23.542238,-46.436435;-23.571924,-46.690373";08-30-2019 09:03;Google;1;3;248;WALK;;765;4070
LO;1;"-23.542238,-46.436435;-23.571924,-46.690373";08-30-2019 09:03;Google;1;4;840;SUBWAY;METRÔ L4;765;4070
LO;1;"-23.542238,-46.436435;-23.571924,-46.690373";08-30-2019 09:03;Google;1;5;586;WALK;;765;4070
LO;1;"-23.542238,-46.436435;-23.571924,-46.690373";08-30-2019 09:03;Google;2;1;531;WALK;;765;4929
LO;1;"-23.542238,-46.436435;-23.571924,-46.690373";08-30-2019 09:03;Google;2;2;720;RAIL;CPTM L11;765;4929
LO;1;"-23.542238,-46.436435;-23.571924,-46.690373";08-30-2019 09:03;Google;2;3;70;WALK;;765;4929
LO;1;"-23.542238,-46.436435;-23.571924,-46.690373";08-30-2019 09:03;Google;2;4;1330;SUBWAY;METRÔ L3;765;4929
LO;1;"-23.542238,-46.436435;-23.571924,-46.690373";08-30-2019 09:03;Google;2;5;39;WALK;;765;4929
LO;1;"-23.542238,-46.436435;-23.571924,-46.690373";08-30-2019 09:03;Google;2;6;1290;BUS;7545-10;765;4929
LO;1;"-23.542238,-46.436435;-23.571924,-46.690373";08-30-2019 09:03;Google;2;7;133;WALK;;765;4929
LO;1;"-23.542238,-46.436435;-23.571924,-46.690373";08-30-2019 09:03;Google;3;1;531;WALK;;748;5351
LO;1;"-23.542238,-46.436435;-23.571924,-46.690373";08-30-2019 09:03;Google;3;2;1080;RAIL;CPTM L11;748;5351
LO;1;"-23.542238,-46.436435;-23.571924,-46.690373";08-30-2019 09:03;Google;3;3;235;WALK;;748;5351
LO;1;"-23.542238,-46.436435;-23.571924,-46.690373";08-30-2019 09:03;Google;3;4;2125;BUS;702C-10;748;5351
LO;1;"-23.542238,-46.436435;-23.571924,-46.690373";08-30-2019 09:03;Google;3;5;133;WALK;;748;5351
LO;1;"-23.542238,-46.436435;-23.571924,-46.690373";08-30-2019 09:03;Google;4;1;46;WALK;;748;6048
LO;1;"-23.542238,-46.436435;-23.571924,-46.690373";08-30-2019 09:03;Google;4;2;1056;BUS;3732-10;748;6048
LO;1;"-23.542238,-46.436435;-23.571924,-46.690373";08-30-2019 09:03;Google;4;3;9;WALK;;748;6048
LO;1;"-23.542238,-46.436435;-23.571924,-46.690373";08-30-2019 09:03;Google;4;4;720;RAIL;CPTM L11;748;6048
LO;1;"-23.542238,-46.436435;-23.571924,-46.690373";08-30-2019 09:03;Google;4;5;235;WALK;;748;6048
LO;1;"-23.542238,-46.436435;-23.571924,-46.690373";08-30-2019 09:03;Google;4;6;2125;BUS;702C-10;748;6048
LO;1;"-23.542238,-46.436435;-23.571924,-46.690373";08-30-2019 09:03;Google;4;7;133;WALK;;748;6048
NS;2;"-23.498320,-46.655980;-23.606884,-46.693306";08-30-2019 09:03;Google;1;1;148;WALK;;765;5304
NS;2;"-23.498320,-46.655980;-23.606884,-46.693306";08-30-2019 09:03;Google;1;2;1604;BUS;177H-10;765;5304
NS;2;"-23.498320,-46.655980;-23.606884,-46.693306";08-30-2019 09:03;Google;1;3;68;WALK;;765;5304
NS;2;"-23.498320,-46.655980;-23.606884,-46.693306";08-30-2019 09:03;Google;1;4;560;SUBWAY;METRÔ L1;765;5304
NS;2;"-23.498320,-46.655980;-23.606884,-46.693306";08-30-2019 09:03;Google;1;5;0;WALK;;765;5304
NS;2;"-23.498320,-46.655980;-23.606884,-46.693306";08-30-2019 09:03;Google;1;6;980;SUBWAY;METRÔ L4;765;5304
NS;2;"-23.498320,-46.655980;-23.606884,-46.693306";08-30-2019 09:03;Google;1;7;0;WALK;;765;5304
NS;2;"-23.498320,-46.655980;-23.606884,-46.693306";08-30-2019 09:03;Google;1;8;720;RAIL;CPTM L09;765;5304
NS;2;"-23.498320,-46.655980;-23.606884,-46.693306";08-30-2019 09:03;Google;1;9;494;WALK;;765;5304
NS;2;"-23.498320,-46.655980;-23.606884,-46.693306";08-30-2019 09:03;Google;2;1;152;WALK;;430;6833
NS;2;"-23.498320,-46.655980;-23.606884,-46.693306";08-30-2019 09:03;Google;2;2;4428;BUS;967A-10;430;6833
NS;2;"-23.498320,-46.655980;-23.606884,-46.693306";08-30-2019 09:03;Google;2;3;1504;BUS;709A-10;430;6833
NS;2;"-23.498320,-46.655980;-23.606884,-46.693306";08-30-2019 09:03;Google;3;1;136;WALK;;765;5149
NS;2;"-23.498320,-46.655980;-23.606884,-46.693306";08-30-2019 09:03;Google;3;2;1876;BUS;9354-10;765;5149
NS;2;"-23.498320,-46.655980;-23.606884,-46.693306";08-30-2019 09:03;Google;3;3;455;WALK;;765;5149
NS;2;"-23.498320,-46.655980;-23.606884,-46.693306";08-30-2019 09:03;Google;3;4;840;SUBWAY;METRÔ L4;765;5149
NS;2;"-23.498320,-46.655980;-23.606884,-46.693306";08-30-2019 09:03;Google;3;5;0;WALK;;765;5149
NS;2;"-23.498320,-46.655980;-23.606884,-46.693306";08-30-2019 09:03;Google;3;6;720;RAIL;CPTM L09;765;5149
NS;2;"-23.498320,-46.655980;-23.606884,-46.693306";08-30-2019 09:03;Google;3;7;494;WALK;;765;5149
NS;2;"-23.498320,-46.655980;-23.606884,-46.693306";08-30-2019 09:03;Google;4;1;136;WALK;;3700;6146
NS;2;"-23.498320,-46.655980;-23.606884,-46.693306";08-30-2019 09:03;Google;4;2;1716;BUS;177H-10;3700;6146
NS;2;"-23.498320,-46.655980;-23.606884,-46.693306";08-30-2019 09:03;Google;4;3;216;WALK;;3700;6146
NS;2;"-23.498320,-46.655980;-23.606884,-46.693306";08-30-2019 09:03;Google;4;4;1403;BUS;308;3700;6146
NS;2;"-23.498320,-46.655980;-23.606884,-46.693306";08-30-2019 09:03;Google;4;5;358;WALK;;3700;6146
NS;2;"-23.498320,-46.655980;-23.606884,-46.693306";08-30-2019 09:03;Google;4;6;1390;BUS;280;3700;6146
LS;3;"-23.529641,-46.438457;-23.648905,-46.703555";08-30-2019 09:03;Google;1;1;414;WALK;;748;7021
LS;3;"-23.529641,-46.438457;-23.648905,-46.703555";08-30-2019 09:03;Google;1;2;935;BUS;3766-10;748;7021
LS;3;"-23.529641,-46.438457;-23.648905,-46.703555";08-30-2019 09:03;Google;1;3;1190;WALK;;748;7021
LS;3;"-23.529641,-46.438457;-23.648905,-46.703555";08-30-2019 09:03;Google;1;4;2280;SUBWAY;METRÔ L3;748;7021
LS;3;"-23.529641,-46.438457;-23.648905,-46.703555";08-30-2019 09:03;Google;1;5;0;WALK;;748;7021
LS;3;"-23.529641,-46.438457;-23.648905,-46.703555";08-30-2019 09:03;Google;1;6;784;SUBWAY;METRÔ L1;748;7021
LS;3;"-23.529641,-46.438457;-23.648905,-46.703555";08-30-2019 09:03;Google;1;7;0;WALK;;748;7021
LS;3;"-23.529641,-46.438457;-23.648905,-46.703555";08-30-2019 09:03;Google;1;8;1620;SUBWAY;METRÔ L5;748;7021
LS;3;"-23.529641,-46.438457;-23.648905,-46.703555";08-30-2019 09:03;Google;1;9;139;WALK;;748;7021
LS;3;"-23.529641,-46.438457;-23.648905,-46.703555";08-30-2019 09:03;Google;2;1;365;WALK;;748;7057
LS;3;"-23.529641,-46.438457;-23.648905,-46.703555";08-30-2019 09:03;Google;2;2;979;BUS;2708-10;748;7057
LS;3;"-23.529641,-46.438457;-23.648905,-46.703555";08-30-2019 09:03;Google;2;3;108;WALK;;748;7057
LS;3;"-23.529641,-46.438457;-23.648905,-46.703555";08-30-2019 09:03;Google;2;4;2280;SUBWAY;METRÔ L3;748;7057
LS;3;"-23.529641,-46.438457;-23.648905,-46.703555";08-30-2019 09:03;Google;2;5;0;WALK;;748;7057
LS;3;"-23.529641,-46.438457;-23.648905,-46.703555";08-30-2019 09:03;Google;2;6;784;SUBWAY;METRÔ L1;748;7057
LS;3;"-23.529641,-46.438457;-23.648905,-46.703555";08-30-2019 09:03;Google;2;7;0;WALK;;748;7057
LS;3;"-23.529641,-46.438457;-23.648905,-46.703555";08-30-2019 09:03;Google;2;8;1620;SUBWAY;METRÔ L5;748;7057
LS;3;"-23.529641,-46.438457;-23.648905,-46.703555";08-30-2019 09:03;Google;2;9;139;WALK;;748;7057
LS;3;"-23.529641,-46.438457;-23.648905,-46.703555";08-30-2019 09:03;Google;3;1;365;WALK;;748;6955
LS;3;"-23.529641,-46.438457;-23.648905,-46.703555";08-30-2019 09:03;Google;3;2;939;BUS;3754-10;748;6955
LS;3;"-23.529641,-46.438457;-23.648905,-46.703555";08-30-2019 09:03;Google;3;3;0;WALK;;748;6955
LS;3;"-23.529641,-46.438457;-23.648905,-46.703555";08-30-2019 09:03;Google;3;4;2280;SUBWAY;METRÔ L3;748;6955
LS;3;"-23.529641,-46.438457;-23.648905,-46.703555";08-30-2019 09:03;Google;3;5;0;WALK;;748;6955
LS;3;"-23.529641,-46.438457;-23.648905,-46.703555";08-30-2019 09:03;Google;3;6;784;SUBWAY;METRÔ L1;748;6955
LS;3;"-23.529641,-46.438457;-23.648905,-46.703555";08-30-2019 09:03;Google;3;7;0;WALK;;748;6955
LS;3;"-23.529641,-46.438457;-23.648905,-46.703555";08-30-2019 09:03;Google;3;8;1620;SUBWAY;METRÔ L5;748;6955
LS;3;"-23.529641,-46.438457;-23.648905,-46.703555";08-30-2019 09:03;Google;3;9;139;WALK;;748;6955
LS;3;"-23.529641,-46.438457;-23.648905,-46.703555";08-30-2019 09:03;Google;4;1;323;WALK;;2383;7685
LS;3;"-23.529641,-46.438457;-23.648905,-46.703555";08-30-2019 09:03;Google;4;2;863;BUS;460;2383;7685
LS;3;"-23.529641,-46.438457;-23.648905,-46.703555";08-30-2019 09:03;Google;4;3;160;WALK;;2383;7685
LS;3;"-23.529641,-46.438457;-23.648905,-46.703555";08-30-2019 09:03;Google;4;4;2280;SUBWAY;METRÔ L3;2383;7685
LS;3;"-23.529641,-46.438457;-23.648905,-46.703555";08-30-2019 09:03;Google;4;5;325;WALK;;2383;7685
LS;3;"-23.529641,-46.438457;-23.648905,-46.703555";08-30-2019 09:03;Google;4;6;3135;BUS;6505-10;2383;7685
LS;3;"-23.529641,-46.438457;-23.648905,-46.703555";08-30-2019 09:03;Google;4;7;78;WALK;;2383;7685
SO;4;"-23.695285,-46.708019;-23.559256,-46.729138";08-30-2019 09:03;Google;1;1;664;WALK;;2065;6270
SO;4;"-23.695285,-46.708019;-23.559256,-46.729138";08-30-2019 09:03;Google;1;2;1976;BUS;6913-10;2065;6270
SO;4;"-23.695285,-46.708019;-23.559256,-46.729138";08-30-2019 09:03;Google;1;3;156;WALK;;2065;6270
SO;4;"-23.695285,-46.708019;-23.559256,-46.729138";08-30-2019 09:03;Google;1;4;3539;BUS;280BI1;2065;6270
SO;4;"-23.695285,-46.708019;-23.559256,-46.729138";08-30-2019 09:03;Google;1;5;77;WALK;;2065;6270
SO;4;"-23.695285,-46.708019;-23.559256,-46.729138";08-30-2019 09:03;Google;2;1;664;WALK;;748;5705
SO;4;"-23.695285,-46.708019;-23.559256,-46.729138";08-30-2019 09:03;Google;2;2;996;BUS;6960-10;748;5705
SO;4;"-23.695285,-46.708019;-23.559256,-46.729138";08-30-2019 09:03;Google;2;3;141;WALK;;748;5705
SO;4;"-23.695285,-46.708019;-23.559256,-46.729138";08-30-2019 09:03;Google;2;4;1440;RAIL;CPTM L09;748;5705
SO;4;"-23.695285,-46.708019;-23.559256,-46.729138";08-30-2019 09:03;Google;2;5;215;WALK;;748;5705
SO;4;"-23.695285,-46.708019;-23.559256,-46.729138";08-30-2019 09:03;Google;2;6;822;BUS;809U-10;748;5705
SO;4;"-23.695285,-46.708019;-23.559256,-46.729138";08-30-2019 09:03;Google;2;7;54;WALK;;748;5705
SO;4;"-23.695285,-46.708019;-23.559256,-46.729138";08-30-2019 09:03;Google;3;1;664;WALK;;765;5008
SO;4;"-23.695285,-46.708019;-23.559256,-46.729138";08-30-2019 09:03;Google;3;2;996;BUS;6960-10;765;5008
SO;4;"-23.695285,-46.708019;-23.559256,-46.729138";08-30-2019 09:03;Google;3;3;141;WALK;;765;5008
SO;4;"-23.695285,-46.708019;-23.559256,-46.729138";08-30-2019 09:03;Google;3;4;1260;RAIL;CPTM L09;765;5008
SO;4;"-23.695285,-46.708019;-23.559256,-46.729138";08-30-2019 09:03;Google;3;5;0;WALK;;765;5008
SO;4;"-23.695285,-46.708019;-23.559256,-46.729138";08-30-2019 09:03;Google;3;6;140;SUBWAY;METRÔ L4;765;5008
SO;4;"-23.695285,-46.708019;-23.559256,-46.729138";08-30-2019 09:03;Google;3;7;49;WALK;;765;5008
SO;4;"-23.695285,-46.708019;-23.559256,-46.729138";08-30-2019 09:03;Google;3;8;685;BUS;177H-10;765;5008
SO;4;"-23.695285,-46.708019;-23.559256,-46.729138";08-30-2019 09:03;Google;3;9;54;WALK;;765;5008
SO;4;"-23.695285,-46.708019;-23.559256,-46.729138";08-30-2019 09:03;Google;4;1;743;WALK;;748;5781
SO;4;"-23.695285,-46.708019;-23.559256,-46.729138";08-30-2019 09:03;Google;4;2;1003;BUS;6027-10;748;5781
SO;4;"-23.695285,-46.708019;-23.559256,-46.729138";08-30-2019 09:03;Google;4;3;141;WALK;;748;5781
SO;4;"-23.695285,-46.708019;-23.559256,-46.729138";08-30-2019 09:03;Google;4;4;1440;RAIL;CPTM L09;748;5781
SO;4;"-23.695285,-46.708019;-23.559256,-46.729138";08-30-2019 09:03;Google;4;5;215;WALK;;748;5781
SO;4;"-23.695285,-46.708019;-23.559256,-46.729138";08-30-2019 09:03;Google;4;6;822;BUS;809U-10;748;5781
SO;4;"-23.695285,-46.708019;-23.559256,-46.729138";08-30-2019 09:03;Google;4;7;54;WALK;;748;5781
LO;1;"-23.542238,-46.436435;-23.571924,-46.690373";08-30-2019 09:11;OTP;1;1;727;WALK;;765;3710
LO;1;"-23.542238,-46.436435;-23.571924,-46.690373";08-30-2019 09:11;OTP;1;2;1685;RAIL;CPTM L11;765;3710
LO;1;"-23.542238,-46.436435;-23.571924,-46.690373";08-30-2019 09:11;OTP;1;3;167;WALK;;765;3710
LO;1;"-23.542238,-46.436435;-23.571924,-46.690373";08-30-2019 09:11;OTP;1;4;756;SUBWAY;METRÔ L4;765;3710
LO;1;"-23.542238,-46.436435;-23.571924,-46.690373";08-30-2019 09:11;OTP;1;5;61;WALK;;765;3710
LO;1;"-23.542238,-46.436435;-23.571924,-46.690373";08-30-2019 09:11;OTP;1;6;161;BUS;856R-10;765;3710
LO;1;"-23.542238,-46.436435;-23.571924,-46.690373";08-30-2019 09:11;OTP;1;7;49;WALK;;765;3710
LO;1;"-23.542238,-46.436435;-23.571924,-46.690373";08-30-2019 09:11;OTP;2;1;727;WALK;;765;3764
LO;1;"-23.542238,-46.436435;-23.571924,-46.690373";08-30-2019 09:11;OTP;2;2;1685;RAIL;CPTM L11;765;3764
LO;1;"-23.542238,-46.436435;-23.571924,-46.690373";08-30-2019 09:11;OTP;2;3;167;WALK;;765;3764
LO;1;"-23.542238,-46.436435;-23.571924,-46.690373";08-30-2019 09:11;OTP;2;4;756;SUBWAY;METRÔ L4;765;3764
LO;1;"-23.542238,-46.436435;-23.571924,-46.690373";08-30-2019 09:11;OTP;2;5;61;WALK;;765;3764
LO;1;"-23.542238,-46.436435;-23.571924,-46.690373";08-30-2019 09:11;OTP;2;6;135;BUS;847P-10;765;3764
LO;1;"-23.542238,-46.436435;-23.571924,-46.690373";08-30-2019 09:11;OTP;2;7;49;WALK;;765;3764
LO;1;"-23.542238,-46.436435;-23.571924,-46.690373";08-30-2019 09:11;OTP;3;1;727;WALK;;765;3796
LO;1;"-23.542238,-46.436435;-23.571924,-46.690373";08-30-2019 09:11;OTP;3;2;1685;RAIL;CPTM L11;765;3796
LO;1;"-23.542238,-46.436435;-23.571924,-46.690373";08-30-2019 09:11;OTP;3;3;167;WALK;;765;3796
LO;1;"-23.542238,-46.436435;-23.571924,-46.690373";08-30-2019 09:11;OTP;3;4;756;SUBWAY;METRÔ L4;765;3796
LO;1;"-23.542238,-46.436435;-23.571924,-46.690373";08-30-2019 09:11;OTP;3;5;61;WALK;;765;3796
LO;1;"-23.542238,-46.436435;-23.571924,-46.690373";08-30-2019 09:11;OTP;3;6;126;BUS;875C-10;765;3796
LO;1;"-23.542238,-46.436435;-23.571924,-46.690373";08-30-2019 09:11;OTP;3;7;49;WALK;;765;3796
LO;1;"-23.542238,-46.436435;-23.571924,-46.690373";08-30-2019 09:11;OTP;4;1;28;WALK;;765;3888
LO;1;"-23.542238,-46.436435;-23.571924,-46.690373";08-30-2019 09:11;OTP;4;2;328;BUS;3732-10;765;3888
LO;1;"-23.542238,-46.436435;-23.571924,-46.690373";08-30-2019 09:11;OTP;4;3;144;WALK;;765;3888
LO;1;"-23.542238,-46.436435;-23.571924,-46.690373";08-30-2019 09:11;OTP;4;4;1685;RAIL;CPTM L11;765;3888
LO;1;"-23.542238,-46.436435;-23.571924,-46.690373";08-30-2019 09:11;OTP;4;5;167;WALK;;765;3888
LO;1;"-23.542238,-46.436435;-23.571924,-46.690373";08-30-2019 09:11;OTP;4;6;756;SUBWAY;METRÔ L4;765;3888
LO;1;"-23.542238,-46.436435;-23.571924,-46.690373";08-30-2019 09:11;OTP;4;7;475;WALK;;765;3888
LO;1;"-23.542238,-46.436435;-23.571924,-46.690373";08-30-2019 09:11;OTP;5;1;727;WALK;;765;4051
LO;1;"-23.542238,-46.436435;-23.571924,-46.690373";08-30-2019 09:11;OTP;5;2;1685;RAIL;CPTM L11;765;4051
LO;1;"-23.542238,-46.436435;-23.571924,-46.690373";08-30-2019 09:11;OTP;5;3;167;WALK;;765;4051
LO;1;"-23.542238,-46.436435;-23.571924,-46.690373";08-30-2019 09:11;OTP;5;4;756;SUBWAY;METRÔ L4;765;4051
LO;1;"-23.542238,-46.436435;-23.571924,-46.690373";08-30-2019 09:11;OTP;5;5;475;WALK;;765;4051
NS;2;"-23.498320,-46.655980;-23.606884,-46.693306";08-30-2019 09:11;OTP;1;1;462;WALK;;765;4775
NS;2;"-23.498320,-46.655980;-23.606884,-46.693306";08-30-2019 09:11;OTP;1;2;1171;BUS;971A-10;765;4775
NS;2;"-23.498320,-46.655980;-23.606884,-46.693306";08-30-2019 09:11;OTP;1;3;92;WALK;;765;4775
NS;2;"-23.498320,-46.655980;-23.606884,-46.693306";08-30-2019 09:11;OTP;1;4;535;SUBWAY;METRÔ L1;765;4775
NS;2;"-23.498320,-46.655980;-23.606884,-46.693306";08-30-2019 09:11;OTP;1;5;22;WALK;;765;4775
NS;2;"-23.498320,-46.655980;-23.606884,-46.693306";08-30-2019 09:11;OTP;1;6;882;SUBWAY;METRÔ L4;765;4775
NS;2;"-23.498320,-46.655980;-23.606884,-46.693306";08-30-2019 09:11;OTP;1;7;123;WALK;;765;4775
NS;2;"-23.498320,-46.655980;-23.606884,-46.693306";08-30-2019 09:11;OTP;1;8;680;RAIL;CPTM L09;765;4775
NS;2;"-23.498320,-46.655980;-23.606884,-46.693306";08-30-2019 09:11;OTP;1;9;514;WALK;;765;4775
NS;2;"-23.498320,-46.655980;-23.606884,-46.693306";08-30-2019 09:11;OTP;2;1;598;WALK;;748;5253
NS;2;"-23.498320,-46.655980;-23.606884,-46.693306";08-30-2019 09:11;OTP;2;2;900;BUS;2014-10;748;5253
NS;2;"-23.498320,-46.655980;-23.606884,-46.693306";08-30-2019 09:11;OTP;2;3;1984;BUS;209P-10;748;5253
NS;2;"-23.498320,-46.655980;-23.606884,-46.693306";08-30-2019 09:11;OTP;2;4;263;WALK;;748;5253
NS;2;"-23.498320,-46.655980;-23.606884,-46.693306";08-30-2019 09:11;OTP;2;5;680;RAIL;CPTM L09;748;5253
NS;2;"-23.498320,-46.655980;-23.606884,-46.693306";08-30-2019 09:11;OTP;2;6;514;WALK;;748;5253
NS;2;"-23.498320,-46.655980;-23.606884,-46.693306";08-30-2019 09:11;OTP;3;1;144;WALK;;765;5369
NS;2;"-23.498320,-46.655980;-23.606884,-46.693306";08-30-2019 09:11;OTP;3;2;2211;BUS;9354-10;765;5369
NS;2;"-23.498320,-46.655980;-23.606884,-46.693306";08-30-2019 09:11;OTP;3;3;547;WALK;;765;5369
NS;2;"-23.498320,-46.655980;-23.606884,-46.693306";08-30-2019 09:11;OTP;3;4;756;SUBWAY;METRÔ L4;765;5369
NS;2;"-23.498320,-46.655980;-23.606884,-46.693306";08-30-2019 09:11;OTP;3;5;123;WALK;;765;5369
NS;2;"-23.498320,-46.655980;-23.606884,-46.693306";08-30-2019 09:11;OTP;3;6;680;RAIL;CPTM L09;765;5369
NS;2;"-23.498320,-46.655980;-23.606884,-46.693306";08-30-2019 09:11;OTP;3;7;514;WALK;;765;5369
NS;2;"-23.498320,-46.655980;-23.606884,-46.693306";08-30-2019 09:11;OTP;4;1;598;WALK;;430;5896
NS;2;"-23.498320,-46.655980;-23.606884,-46.693306";08-30-2019 09:11;OTP;4;2;1213;BUS;2014-10;430;5896
NS;2;"-23.498320,-46.655980;-23.606884,-46.693306";08-30-2019 09:11;OTP;4;3;1759;BUS;209P-10;430;5896
NS;2;"-23.498320,-46.655980;-23.606884,-46.693306";08-30-2019 09:11;OTP;4;4;78;WALK;;430;5896
NS;2;"-23.498320,-46.655980;-23.606884,-46.693306";08-30-2019 09:11;OTP;4;5;1914;BUS;709M-10;430;5896
NS;2;"-23.498320,-46.655980;-23.606884,-46.693306";08-30-2019 09:11;OTP;4;6;123;WALK;;430;5896
NS;2;"-23.498320,-46.655980;-23.606884,-46.693306";08-30-2019 09:11;OTP;5;1;145;WALK;;430;7104
NS;2;"-23.498320,-46.655980;-23.606884,-46.693306";08-30-2019 09:11;OTP;5;2;5208;BUS;967A-10;430;7104
NS;2;"-23.498320,-46.655980;-23.606884,-46.693306";08-30-2019 09:11;OTP;5;3;1504;BUS;709A-10;430;7104
NS;2;"-23.498320,-46.655980;-23.606884,-46.693306";08-30-2019 09:11;OTP;5;4;123;WALK;;430;7104
LS;3;"-23.529641,-46.438457;-23.648905,-46.703555";08-30-2019 09:11;OTP;1;1;164;WALK;;765;5817
LS;3;"-23.529641,-46.438457;-23.648905,-46.703555";08-30-2019 09:11;OTP;1;2;307;BUS;4003-10;765;5817
LS;3;"-23.529641,-46.438457;-23.648905,-46.703555";08-30-2019 09:11;OTP;1;3;240;WALK;;765;5817
LS;3;"-23.529641,-46.438457;-23.648905,-46.703555";08-30-2019 09:11;OTP;1;4;190;BUS;4024-10;765;5817
LS;3;"-23.529641,-46.438457;-23.648905,-46.703555";08-30-2019 09:11;OTP;1;5;187;WALK;;765;5817
LS;3;"-23.529641,-46.438457;-23.648905,-46.703555";08-30-2019 09:11;OTP;1;6;1348;RAIL;CPTM L11;765;5817
LS;3;"-23.529641,-46.438457;-23.648905,-46.703555";08-30-2019 09:11;OTP;1;7;151;WALK;;765;5817
LS;3;"-23.529641,-46.438457;-23.648905,-46.703555";08-30-2019 09:11;OTP;1;8;963;SUBWAY;METRÔ L1;765;5817
LS;3;"-23.529641,-46.438457;-23.648905,-46.703555";08-30-2019 09:11;OTP;1;9;11;WALK;;765;5817
LS;3;"-23.529641,-46.438457;-23.648905,-46.703555";08-30-2019 09:11;OTP;1;10;1521;SUBWAY;METRÔ L5;765;5817
LS;3;"-23.529641,-46.438457;-23.648905,-46.703555";08-30-2019 09:11;OTP;1;11;129;WALK;;765;5817
LS;3;"-23.529641,-46.438457;-23.648905,-46.703555";08-30-2019 09:11;OTP;2;1;195;WALK;;765;6046
LS;3;"-23.529641,-46.438457;-23.648905,-46.703555";08-30-2019 09:11;OTP;2;2;520;BUS;342N-10;765;6046
LS;3;"-23.529641,-46.438457;-23.648905,-46.703555";08-30-2019 09:11;OTP;2;3;119;WALK;;765;6046
LS;3;"-23.529641,-46.438457;-23.648905,-46.703555";08-30-2019 09:11;OTP;2;4;2022;RAIL;CPTM L11;765;6046
LS;3;"-23.529641,-46.438457;-23.648905,-46.703555";08-30-2019 09:11;OTP;2;5;151;WALK;;765;6046
LS;3;"-23.529641,-46.438457;-23.648905,-46.703555";08-30-2019 09:11;OTP;2;6;963;SUBWAY;METRÔ L1;765;6046
LS;3;"-23.529641,-46.438457;-23.648905,-46.703555";08-30-2019 09:11;OTP;2;7;11;WALK;;765;6046
LS;3;"-23.529641,-46.438457;-23.648905,-46.703555";08-30-2019 09:11;OTP;2;8;1521;SUBWAY;METRÔ L5;765;6046
LS;3;"-23.529641,-46.438457;-23.648905,-46.703555";08-30-2019 09:11;OTP;2;9;129;WALK;;765;6046
LS;3;"-23.529641,-46.438457;-23.648905,-46.703555";08-30-2019 09:11;OTP;3;1;195;WALK;;748;6536
LS;3;"-23.529641,-46.438457;-23.648905,-46.703555";08-30-2019 09:11;OTP;3;2;228;BUS;2705-10;748;6536
LS;3;"-23.529641,-46.438457;-23.648905,-46.703555";08-30-2019 09:11;OTP;3;3;677;WALK;;748;6536
LS;3;"-23.529641,-46.438457;-23.648905,-46.703555";08-30-2019 09:11;OTP;3;4;1685;RAIL;CPTM L11;748;6536
LS;3;"-23.529641,-46.438457;-23.648905,-46.703555";08-30-2019 09:11;OTP;3;5;107;WALK;;748;6536
LS;3;"-23.529641,-46.438457;-23.648905,-46.703555";08-30-2019 09:11;OTP;3;6;1276;BUS;175T-10;748;6536
LS;3;"-23.529641,-46.438457;-23.648905,-46.703555";08-30-2019 09:11;OTP;3;7;1872;BUS;5362-10;748;6536
LS;3;"-23.529641,-46.438457;-23.648905,-46.703555";08-30-2019 09:11;OTP;3;8;223;WALK;;748;6536
LS;3;"-23.529641,-46.438457;-23.648905,-46.703555";08-30-2019 09:11;OTP;4;1;311;WALK;;765;6756
LS;3;"-23.529641,-46.438457;-23.648905,-46.703555";08-30-2019 09:11;OTP;4;2;1105;BUS;407L-10;765;6756
LS;3;"-23.529641,-46.438457;-23.648905,-46.703555";08-30-2019 09:11;OTP;4;3;75;WALK;;765;6756
LS;3;"-23.529641,-46.438457;-23.648905,-46.703555";08-30-2019 09:11;OTP;4;4;2022;RAIL;CPTM L11;765;6756
LS;3;"-23.529641,-46.438457;-23.648905,-46.703555";08-30-2019 09:11;OTP;4;5;151;WALK;;765;6756
LS;3;"-23.529641,-46.438457;-23.648905,-46.703555";08-30-2019 09:11;OTP;4;6;963;SUBWAY;METRÔ L1;765;6756
LS;3;"-23.529641,-46.438457;-23.648905,-46.703555";08-30-2019 09:11;OTP;4;7;11;WALK;;765;6756
LS;3;"-23.529641,-46.438457;-23.648905,-46.703555";08-30-2019 09:11;OTP;4;8;1521;SUBWAY;METRÔ L5;765;6756
LS;3;"-23.529641,-46.438457;-23.648905,-46.703555";08-30-2019 09:11;OTP;4;9;129;WALK;;765;6756
LS;3;"-23.529641,-46.438457;-23.648905,-46.703555";08-30-2019 09:11;OTP;5;1;195;WALK;;765;6769
LS;3;"-23.529641,-46.438457;-23.648905,-46.703555";08-30-2019 09:11;OTP;5;2;675;BUS;342N-10;765;6769
LS;3;"-23.529641,-46.438457;-23.648905,-46.703555";08-30-2019 09:11;OTP;5;3;119;WALK;;765;6769
LS;3;"-23.529641,-46.438457;-23.648905,-46.703555";08-30-2019 09:11;OTP;5;4;2022;RAIL;CPTM L11;765;6769
LS;3;"-23.529641,-46.438457;-23.648905,-46.703555";08-30-2019 09:11;OTP;5;5;151;WALK;;765;6769
LS;3;"-23.529641,-46.438457;-23.648905,-46.703555";08-30-2019 09:11;OTP;5;6;963;SUBWAY;METRÔ L1;765;6769
LS;3;"-23.529641,-46.438457;-23.648905,-46.703555";08-30-2019 09:11;OTP;5;7;11;WALK;;765;6769
LS;3;"-23.529641,-46.438457;-23.648905,-46.703555";08-30-2019 09:11;OTP;5;8;1521;SUBWAY;METRÔ L5;765;6769
LS;3;"-23.529641,-46.438457;-23.648905,-46.703555";08-30-2019 09:11;OTP;5;9;129;WALK;;765;6769
SO;4;"-23.695285,-46.708019;-23.559256,-46.729138";08-30-2019 09:11;OTP;1;1;885;WALK;;748;4612
SO;4;"-23.695285,-46.708019;-23.559256,-46.729138";08-30-2019 09:11;OTP;1;2;695;BUS;6074-10;748;4612
SO;4;"-23.695285,-46.708019;-23.559256,-46.729138";08-30-2019 09:11;OTP;1;3;142;WALK;;748;4612
SO;4;"-23.695285,-46.708019;-23.559256,-46.729138";08-30-2019 09:11;OTP;1;4;1700;RAIL;CPTM L09;748;4612
SO;4;"-23.695285,-46.708019;-23.559256,-46.729138";08-30-2019 09:11;OTP;1;5;324;WALK;;748;4612
SO;4;"-23.695285,-46.708019;-23.559256,-46.729138";08-30-2019 09:11;OTP;1;6;750;BUS;809U-10;748;4612
SO;4;"-23.695285,-46.708019;-23.559256,-46.729138";08-30-2019 09:11;OTP;1;7;57;WALK;;748;4612
SO;4;"-23.695285,-46.708019;-23.559256,-46.729138";08-30-2019 09:11;OTP;2;1;885;WALK;;748;5044
SO;4;"-23.695285,-46.708019;-23.559256,-46.729138";08-30-2019 09:11;OTP;2;2;695;BUS;6074-10;748;5044
SO;4;"-23.695285,-46.708019;-23.559256,-46.729138";08-30-2019 09:11;OTP;2;3;142;WALK;;748;5044
SO;4;"-23.695285,-46.708019;-23.559256,-46.729138";08-30-2019 09:11;OTP;2;4;1700;RAIL;CPTM L09;748;5044
SO;4;"-23.695285,-46.708019;-23.559256,-46.729138";08-30-2019 09:11;OTP;2;5;324;WALK;;748;5044
SO;4;"-23.695285,-46.708019;-23.559256,-46.729138";08-30-2019 09:11;OTP;2;6;750;BUS;809U-10;748;5044
SO;4;"-23.695285,-46.708019;-23.559256,-46.729138";08-30-2019 09:11;OTP;2;7;57;WALK;;748;5044
SO;4;"-23.695285,-46.708019;-23.559256,-46.729138";08-30-2019 09:11;OTP;3;1;751;WALK;;748;5089
SO;4;"-23.695285,-46.708019;-23.559256,-46.729138";08-30-2019 09:11;OTP;3;2;1344;BUS;6027-10;748;5089
SO;4;"-23.695285,-46.708019;-23.559256,-46.729138";08-30-2019 09:11;OTP;3;3;237;WALK;;748;5089
SO;4;"-23.695285,-46.708019;-23.559256,-46.729138";08-30-2019 09:11;OTP;3;4;1360;RAIL;CPTM L09;748;5089
SO;4;"-23.695285,-46.708019;-23.559256,-46.729138";08-30-2019 09:11;OTP;3;5;513;WALK;;748;5089
SO;4;"-23.695285,-46.708019;-23.559256,-46.729138";08-30-2019 09:11;OTP;3;6;686;BUS;8022-10;748;5089
SO;4;"-23.695285,-46.708019;-23.559256,-46.729138";08-30-2019 09:11;OTP;3;7;130;WALK;;748;5089
SO;4;"-23.695285,-46.708019;-23.559256,-46.729138";08-30-2019 09:11;OTP;4;1;751;WALK;;748;5210
SO;4;"-23.695285,-46.708019;-23.559256,-46.729138";08-30-2019 09:11;OTP;4;2;842;BUS;6027-10;748;5210
SO;4;"-23.695285,-46.708019;-23.559256,-46.729138";08-30-2019 09:11;OTP;4;3;235;WALK;;748;5210
SO;4;"-23.695285,-46.708019;-23.559256,-46.729138";08-30-2019 09:11;OTP;4;4;1530;RAIL;CPTM L09;748;5210
SO;4;"-23.695285,-46.708019;-23.559256,-46.729138";08-30-2019 09:11;OTP;4;5;324;WALK;;748;5210
SO;4;"-23.695285,-46.708019;-23.559256,-46.729138";08-30-2019 09:11;OTP;4;6;750;BUS;809U-10;748;5210
SO;4;"-23.695285,-46.708019;-23.559256,-46.729138";08-30-2019 09:11;OTP;4;7;57;WALK;;748;5210
SO;4;"-23.695285,-46.708019;-23.559256,-46.729138";08-30-2019 09:11;OTP;5;1;885;WALK;;748;5384
SO;4;"-23.695285,-46.708019;-23.559256,-46.729138";08-30-2019 09:11;OTP;5;2;794;BUS;6074-10;748;5384
SO;4;"-23.695285,-46.708019;-23.559256,-46.729138";08-30-2019 09:11;OTP;5;3;142;WALK;;748;5384
SO;4;"-23.695285,-46.708019;-23.559256,-46.729138";08-30-2019 09:11;OTP;5;4;1530;RAIL;CPTM L09;748;5384
SO;4;"-23.695285,-46.708019;-23.559256,-46.729138";08-30-2019 09:11;OTP;5;5;366;WALK;;748;5384
SO;4;"-23.695285,-46.708019;-23.559256,-46.729138";08-30-2019 09:11;OTP;5;6;1100;BUS;177H-10;748;5384
SO;4;"-23.695285,-46.708019;-23.559256,-46.729138";08-30-2019 09:11;OTP;5;7;57;WALK;;748;5384
LO;1;"-23.542238,-46.436435;-23.571924,-46.690373";08-30-2019 09:11;Google;1;1;531;WALK;;765;4070
LO;1;"-23.542238,-46.436435;-23.571924,-46.690373";08-30-2019 09:11;Google;1;2;1440;RAIL;CPTM L11;765;4070
LO;1;"-23.542238,-46.436435;-23.571924,-46.690373";08-30-2019 09:11;Google;1;3;248;WALK;;765;4070
LO;1;"-23.542238,-46.436435;-23.571924,-46.690373";08-30-2019 09:11;Google;1;4;840;SUBWAY;METRÔ L4;765;4070
LO;1;"-23.542238,-46.436435;-23.571924,-46.690373";08-30-2019 09:11;Google;1;5;586;WALK;;765;4070
LO;1;"-23.542238,-46.436435;-23.571924,-46.690373";08-30-2019 09:11;Google;2;1;531;WALK;;765;4191
LO;1;"-23.542238,-46.436435;-23.571924,-46.690373";08-30-2019 09:11;Google;2;2;1440;RAIL;CPTM L11;765;4191
LO;1;"-23.542238,-46.436435;-23.571924,-46.690373";08-30-2019 09:11;Google;2;3;248;WALK;;765;4191
LO;1;"-23.542238,-46.436435;-23.571924,-46.690373";08-30-2019 09:11;Google;2;4;560;SUBWAY;METRÔ L4;765;4191
LO;1;"-23.542238,-46.436435;-23.571924,-46.690373";08-30-2019 09:11;Google;2;5;106;WALK;;765;4191
LO;1;"-23.542238,-46.436435;-23.571924,-46.690373";08-30-2019 09:11;Google;2;6;387;BUS;7545-10;765;4191
LO;1;"-23.542238,-46.436435;-23.571924,-46.690373";08-30-2019 09:11;Google;2;7;133;WALK;;765;4191
LO;1;"-23.542238,-46.436435;-23.571924,-46.690373";08-30-2019 09:11;Google;3;1;531;WALK;;748;5351
LO;1;"-23.542238,-46.436435;-23.571924,-46.690373";08-30-2019 09:11;Google;3;2;1080;RAIL;CPTM L11;748;5351
LO;1;"-23.542238,-46.436435;-23.571924,-46.690373";08-30-2019 09:11;Google;3;3;235;WALK;;748;5351
LO;1;"-23.542238,-46.436435;-23.571924,-46.690373";08-30-2019 09:11;Google;3;4;2125;BUS;702C-10;748;5351
LO;1;"-23.542238,-46.436435;-23.571924,-46.690373";08-30-2019 09:11;Google;3;5;133;WALK;;748;5351
LO;1;"-23.542238,-46.436435;-23.571924,-46.690373";08-30-2019 09:11;Google;4;1;1033;WALK;;765;4378
LO;1;"-23.542238,-46.436435;-23.571924,-46.690373";08-30-2019 09:11;Google;4;2;1080;RAIL;CPTM L11;765;4378
LO;1;"-23.542238,-46.436435;-23.571924,-46.690373";08-30-2019 09:11;Google;4;3;248;WALK;;765;4378
LO;1;"-23.542238,-46.436435;-23.571924,-46.690373";08-30-2019 09:11;Google;4;4;560;SUBWAY;METRÔ L4;765;4378
LO;1;"-23.542238,-46.436435;-23.571924,-46.690373";08-30-2019 09:11;Google;4;5;106;WALK;;765;4378
LO;1;"-23.542238,-46.436435;-23.571924,-46.690373";08-30-2019 09:11;Google;4;6;432;BUS;8700-10;765;4378
LO;1;"-23.542238,-46.436435;-23.571924,-46.690373";08-30-2019 09:11;Google;4;7;133;WALK;;765;4378
NS;2;"-23.498320,-46.655980;-23.606884,-46.693306";08-30-2019 09:11;Google;1;1;136;WALK;;765;5188
NS;2;"-23.498320,-46.655980;-23.606884,-46.693306";08-30-2019 09:11;Google;1;2;1915;BUS;9354-10;765;5188
NS;2;"-23.498320,-46.655980;-23.606884,-46.693306";08-30-2019 09:11;Google;1;3;455;WALK;;765;5188
NS;2;"-23.498320,-46.655980;-23.606884,-46.693306";08-30-2019 09:11;Google;1;4;840;SUBWAY;METRÔ L4;765;5188
NS;2;"-23.498320,-46.655980;-23.606884,-46.693306";08-30-2019 09:11;Google;1;5;0;WALK;;765;5188
NS;2;"-23.498320,-46.655980;-23.606884,-46.693306";08-30-2019 09:11;Google;1;6;720;RAIL;CPTM L09;765;5188
NS;2;"-23.498320,-46.655980;-23.606884,-46.693306";08-30-2019 09:11;Google;1;7;494;WALK;;765;5188
NS;2;"-23.498320,-46.655980;-23.606884,-46.693306";08-30-2019 09:11;Google;2;1;136;WALK;;765;5196
NS;2;"-23.498320,-46.655980;-23.606884,-46.693306";08-30-2019 09:11;Google;2;2;1923;BUS;9354-10;765;5196
NS;2;"-23.498320,-46.655980;-23.606884,-46.693306";08-30-2019 09:11;Google;2;3;455;WALK;;765;5196
NS;2;"-23.498320,-46.655980;-23.606884,-46.693306";08-30-2019 09:11;Google;2;4;840;SUBWAY;METRÔ L4;765;5196
NS;2;"-23.498320,-46.655980;-23.606884,-46.693306";08-30-2019 09:11;Google;2;5;0;WALK;;765;5196
NS;2;"-23.498320,-46.655980;-23.606884,-46.693306";08-30-2019 09:11;Google;2;6;720;RAIL;CPTM L09;765;5196
NS;2;"-23.498320,-46.655980;-23.606884,-46.693306";08-30-2019 09:11;Google;2;7;494;WALK;;765;5196
NS;2;"-23.498320,-46.655980;-23.606884,-46.693306";08-30-2019 09:11;Google;3;1;452;WALK;;430;6368
NS;2;"-23.498320,-46.655980;-23.606884,-46.693306";08-30-2019 09:11;Google;3;2;99;BUS;971A-10;430;6368
NS;2;"-23.498320,-46.655980;-23.606884,-46.693306";08-30-2019 09:11;Google;3;3;96;WALK;;430;6368
NS;2;"-23.498320,-46.655980;-23.606884,-46.693306";08-30-2019 09:11;Google;3;4;640;BUS;2014-10;430;6368
NS;2;"-23.498320,-46.655980;-23.606884,-46.693306";08-30-2019 09:11;Google;3;5;1919;BUS;209P-10;430;6368
NS;2;"-23.498320,-46.655980;-23.606884,-46.693306";08-30-2019 09:11;Google;3;6;1914;BUS;709M-10;430;6368
NS;2;"-23.498320,-46.655980;-23.606884,-46.693306";08-30-2019 09:11;Google;4;1;136;WALK;;430;7687
NS;2;"-23.498320,-46.655980;-23.606884,-46.693306";08-30-2019 09:11;Google;4;2;2870;BUS;177H-10;430;7687
NS;2;"-23.498320,-46.655980;-23.606884,-46.693306";08-30-2019 09:11;Google;4;3;168;WALK;;430;7687
NS;2;"-23.498320,-46.655980;-23.606884,-46.693306";08-30-2019 09:11;Google;4;4;3600;BUS;7245-10;430;7687
LS;3;"-23.529641,-46.438457;-23.648905,-46.703555";08-30-2019 09:11;Google;1;1;323;WALK;;2065;6772
LS;3;"-23.529641,-46.438457;-23.648905,-46.703555";08-30-2019 09:11;Google;1;2;863;BUS;460;2065;6772
LS;3;"-23.529641,-46.438457;-23.648905,-46.703555";08-30-2019 09:11;Google;1;3;160;WALK;;2065;6772
LS;3;"-23.529641,-46.438457;-23.648905,-46.703555";08-30-2019 09:11;Google;1;4;2090;SUBWAY;METRÔ L3;2065;6772
LS;3;"-23.529641,-46.438457;-23.648905,-46.703555";08-30-2019 09:11;Google;1;5;0;WALK;;2065;6772
LS;3;"-23.529641,-46.438457;-23.648905,-46.703555";08-30-2019 09:11;Google;1;6;784;SUBWAY;METRÔ L1;2065;6772
LS;3;"-23.529641,-46.438457;-23.648905,-46.703555";08-30-2019 09:11;Google;1;7;0;WALK;;2065;6772
LS;3;"-23.529641,-46.438457;-23.648905,-46.703555";08-30-2019 09:11;Google;1;8;1620;SUBWAY;METRÔ L5;2065;6772
LS;3;"-23.529641,-46.438457;-23.648905,-46.703555";08-30-2019 09:11;Google;1;9;139;WALK;;2065;6772
LS;3;"-23.529641,-46.438457;-23.648905,-46.703555";08-30-2019 09:11;Google;2;1;414;WALK;;748;7025
LS;3;"-23.529641,-46.438457;-23.648905,-46.703555";08-30-2019 09:11;Google;2;2;939;BUS;3766-10;748;7025
LS;3;"-23.529641,-46.438457;-23.648905,-46.703555";08-30-2019 09:11;Google;2;3;1190;WALK;;748;7025
LS;3;"-23.529641,-46.438457;-23.648905,-46.703555";08-30-2019 09:11;Google;2;4;2280;SUBWAY;METRÔ L3;748;7025
LS;3;"-23.529641,-46.438457;-23.648905,-46.703555";08-30-2019 09:11;Google;2;5;0;WALK;;748;7025
LS;3;"-23.529641,-46.438457;-23.648905,-46.703555";08-30-2019 09:11;Google;2;6;784;SUBWAY;METRÔ L1;748;7025
LS;3;"-23.529641,-46.438457;-23.648905,-46.703555";08-30-2019 09:11;Google;2;7;0;WALK;;748;7025
LS;3;"-23.529641,-46.438457;-23.648905,-46.703555";08-30-2019 09:11;Google;2;8;1620;SUBWAY;METRÔ L5;748;7025
LS;3;"-23.529641,-46.438457;-23.648905,-46.703555";08-30-2019 09:11;Google;2;9;139;WALK;;748;7025
LS;3;"-23.529641,-46.438457;-23.648905,-46.703555";08-30-2019 09:11;Google;3;1;165;WALK;;748;6804
LS;3;"-23.529641,-46.438457;-23.648905,-46.703555";08-30-2019 09:11;Google;3;2;925;BUS;2705-10;748;6804
LS;3;"-23.529641,-46.438457;-23.648905,-46.703555";08-30-2019 09:11;Google;3;3;108;WALK;;748;6804
LS;3;"-23.529641,-46.438457;-23.648905,-46.703555";08-30-2019 09:11;Google;3;4;2280;SUBWAY;METRÔ L3;748;6804
LS;3;"-23.529641,-46.438457;-23.648905,-46.703555";08-30-2019 09:11;Google;3;5;0;WALK;;748;6804
LS;3;"-23.529641,-46.438457;-23.648905,-46.703555";08-30-2019 09:11;Google;3;6;784;SUBWAY;METRÔ L1;748;6804
LS;3;"-23.529641,-46.438457;-23.648905,-46.703555";08-30-2019 09:11;Google;3;7;0;WALK;;748;6804
LS;3;"-23.529641,-46.438457;-23.648905,-46.703555";08-30-2019 09:11;Google;3;8;1620;SUBWAY;METRÔ L5;748;6804
LS;3;"-23.529641,-46.438457;-23.648905,-46.703555";08-30-2019 09:11;Google;3;9;139;WALK;;748;6804
LS;3;"-23.529641,-46.438457;-23.648905,-46.703555";08-30-2019 09:11;Google;4;1;414;WALK;;748;8089
LS;3;"-23.529641,-46.438457;-23.648905,-46.703555";08-30-2019 09:11;Google;4;2;939;BUS;3766-10;748;8089
LS;3;"-23.529641,-46.438457;-23.648905,-46.703555";08-30-2019 09:11;Google;4;3;1190;WALK;;748;8089
LS;3;"-23.529641,-46.438457;-23.648905,-46.703555";08-30-2019 09:11;Google;4;4;2470;SUBWAY;METRÔ L3;748;8089
LS;3;"-23.529641,-46.438457;-23.648905,-46.703555";08-30-2019 09:11;Google;4;5;325;WALK;;748;8089
LS;3;"-23.529641,-46.438457;-23.648905,-46.703555";08-30-2019 09:11;Google;4;6;3135;BUS;6505-10;748;8089
LS;3;"-23.529641,-46.438457;-23.648905,-46.703555";08-30-2019 09:11;Google;4;7;78;WALK;;748;8089
SO;4;"-23.695285,-46.708019;-23.559256,-46.729138";08-30-2019 09:11;Google;1;1;664;WALK;;748;5135
SO;4;"-23.695285,-46.708019;-23.559256,-46.729138";08-30-2019 09:11;Google;1;2;995;BUS;6960-10;748;5135
SO;4;"-23.695285,-46.708019;-23.559256,-46.729138";08-30-2019 09:11;Google;1;3;141;WALK;;748;5135
SO;4;"-23.695285,-46.708019;-23.559256,-46.729138";08-30-2019 09:11;Google;1;4;1260;RAIL;CPTM L09;748;5135
SO;4;"-23.695285,-46.708019;-23.559256,-46.729138";08-30-2019 09:11;Google;1;5;355;WALK;;748;5135
SO;4;"-23.695285,-46.708019;-23.559256,-46.729138";08-30-2019 09:11;Google;1;6;932;BUS;177H-10;748;5135
SO;4;"-23.695285,-46.708019;-23.559256,-46.729138";08-30-2019 09:11;Google;1;7;54;WALK;;748;5135
SO;4;"-23.695285,-46.708019;-23.559256,-46.729138";08-30-2019 09:11;Google;2;1;743;WALK;;748;5090
SO;4;"-23.695285,-46.708019;-23.559256,-46.729138";08-30-2019 09:11;Google;2;2;736;BUS;6069-10;748;5090
SO;4;"-23.695285,-46.708019;-23.559256,-46.729138";08-30-2019 09:11;Google;2;3;246;WALK;;748;5090
SO;4;"-23.695285,-46.708019;-23.559256,-46.729138";08-30-2019 09:11;Google;2;4;1440;RAIL;CPTM L09;748;5090
SO;4;"-23.695285,-46.708019;-23.559256,-46.729138";08-30-2019 09:11;Google;2;5;355;WALK;;748;5090
SO;4;"-23.695285,-46.708019;-23.559256,-46.729138";08-30-2019 09:11;Google;2;6;932;BUS;177H-10;748;5090
SO;4;"-23.695285,-46.708019;-23.559256,-46.729138";08-30-2019 09:11;Google;2;7;54;WALK;;748;5090
SO;4;"-23.695285,-46.708019;-23.559256,-46.729138";08-30-2019 09:11;Google;3;1;664;WALK;;765;5009
SO;4;"-23.695285,-46.708019;-23.559256,-46.729138";08-30-2019 09:11;Google;3;2;760;BUS;6000-10;765;5009
SO;4;"-23.695285,-46.708019;-23.559256,-46.729138";08-30-2019 09:11;Google;3;3;337;WALK;;765;5009
SO;4;"-23.695285,-46.708019;-23.559256,-46.729138";08-30-2019 09:11;Google;3;4;1440;RAIL;CPTM L09;765;5009
SO;4;"-23.695285,-46.708019;-23.559256,-46.729138";08-30-2019 09:11;Google;3;5;0;WALK;;765;5009
SO;4;"-23.695285,-46.708019;-23.559256,-46.729138";08-30-2019 09:11;Google;3;6;140;SUBWAY;METRÔ L4;765;5009
SO;4;"-23.695285,-46.708019;-23.559256,-46.729138";08-30-2019 09:11;Google;3;7;49;WALK;;765;5009
SO;4;"-23.695285,-46.708019;-23.559256,-46.729138";08-30-2019 09:11;Google;3;8;679;BUS;177H-10;765;5009
SO;4;"-23.695285,-46.708019;-23.559256,-46.729138";08-30-2019 09:11;Google;3;9;54;WALK;;765;5009
LO;1;"-23.542238,-46.436435;-23.571924,-46.690373";08-30-2019 09:17;OTP;1;1;217;WALK;;765;3611
LO;1;"-23.542238,-46.436435;-23.571924,-46.690373";08-30-2019 09:17;OTP;1;2;146;BUS;3027-10;765;3611
LO;1;"-23.542238,-46.436435;-23.571924,-46.690373";08-30-2019 09:17;OTP;1;3;144;WALK;;765;3611
LO;1;"-23.542238,-46.436435;-23.571924,-46.690373";08-30-2019 09:17;OTP;1;4;1685;RAIL;CPTM L11;765;3611
LO;1;"-23.542238,-46.436435;-23.571924,-46.690373";08-30-2019 09:17;OTP;1;5;167;WALK;;765;3611
LO;1;"-23.542238,-46.436435;-23.571924,-46.690373";08-30-2019 09:17;OTP;1;6;756;SUBWAY;METRÔ L4;765;3611
LO;1;"-23.542238,-46.436435;-23.571924,-46.690373";08-30-2019 09:17;OTP;1;7;61;WALK;;765;3611
LO;1;"-23.542238,-46.436435;-23.571924,-46.690373";08-30-2019 09:17;OTP;1;8;161;BUS;856R-10;765;3611
LO;1;"-23.542238,-46.436435;-23.571924,-46.690373";08-30-2019 09:17;OTP;1;9;49;WALK;;765;3611
LO;1;"-23.542238,-46.436435;-23.571924,-46.690373";08-30-2019 09:17;OTP;2;1;727;WALK;;765;3686
LO;1;"-23.542238,-46.436435;-23.571924,-46.690373";08-30-2019 09:17;OTP;2;2;1685;RAIL;CPTM L11;765;3686
LO;1;"-23.542238,-46.436435;-23.571924,-46.690373";08-30-2019 09:17;OTP;2;3;167;WALK;;765;3686
LO;1;"-23.542238,-46.436435;-23.571924,-46.690373";08-30-2019 09:17;OTP;2;4;756;SUBWAY;METRÔ L4;765;3686
LO;1;"-23.542238,-46.436435;-23.571924,-46.690373";08-30-2019 09:17;OTP;2;5;46;WALK;;765;3686
LO;1;"-23.542238,-46.436435;-23.571924,-46.690373";08-30-2019 09:17;OTP;2;6;175;BUS;7040-10;765;3686
LO;1;"-23.542238,-46.436435;-23.571924,-46.690373";08-30-2019 09:17;OTP;2;7;49;WALK;;765;3686
LO;1;"-23.542238,-46.436435;-23.571924,-46.690373";08-30-2019 09:17;OTP;3;1;727;WALK;;765;3764
LO;1;"-23.542238,-46.436435;-23.571924,-46.690373";08-30-2019 09:17;OTP;3;2;1685;RAIL;CPTM L11;765;3764
LO;1;"-23.542238,-46.436435;-23.571924,-46.690373";08-30-2019 09:17;OTP;3;3;167;WALK;;765;3764
LO;1;"-23.542238,-46.436435;-23.571924,-46.690373";08-30-2019 09:17;OTP;3;4;756;SUBWAY;METRÔ L4;765;3764
LO;1;"-23.542238,-46.436435;-23.571924,-46.690373";08-30-2019 09:17;OTP;3;5;61;WALK;;765;3764
LO;1;"-23.542238,-46.436435;-23.571924,-46.690373";08-30-2019 09:17;OTP;3;6;135;BUS;847P-10;765;3764
LO;1;"-23.542238,-46.436435;-23.571924,-46.690373";08-30-2019 09:17;OTP;3;7;49;WALK;;765;3764
LO;1;"-23.542238,-46.436435;-23.571924,-46.690373";08-30-2019 09:17;OTP;4;1;727;WALK;;765;3796
LO;1;"-23.542238,-46.436435;-23.571924,-46.690373";08-30-2019 09:17;OTP;4;2;1685;RAIL;CPTM L11;765;3796
LO;1;"-23.542238,-46.436435;-23.571924,-46.690373";08-30-2019 09:17;OTP;4;3;167;WALK;;765;3796
LO;1;"-23.542238,-46.436435;-23.571924,-46.690373";08-30-2019 09:17;OTP;4;4;756;SUBWAY;METRÔ L4;765;3796
LO;1;"-23.542238,-46.436435;-23.571924,-46.690373";08-30-2019 09:17;OTP;4;5;61;WALK;;765;3796
LO;1;"-23.542238,-46.436435;-23.571924,-46.690373";08-30-2019 09:17;OTP;4;6;126;BUS;875C-10;765;3796
LO;1;"-23.542238,-46.436435;-23.571924,-46.690373";08-30-2019 09:17;OTP;4;7;49;WALK;;765;3796
LO;1;"-23.542238,-46.436435;-23.571924,-46.690373";08-30-2019 09:17;OTP;5;1;727;WALK;;765;4111
LO;1;"-23.542238,-46.436435;-23.571924,-46.690373";08-30-2019 09:17;OTP;5;2;1685;RAIL;CPTM L11;765;4111
LO;1;"-23.542238,-46.436435;-23.571924,-46.690373";08-30-2019 09:17;OTP;5;3;167;WALK;;765;4111
LO;1;"-23.542238,-46.436435;-23.571924,-46.690373";08-30-2019 09:17;OTP;5;4;756;SUBWAY;METRÔ L4;765;4111
LO;1;"-23.542238,-46.436435;-23.571924,-46.690373";08-30-2019 09:17;OTP;5;5;475;WALK;;765;4111
NS;2;"-23.498320,-46.655980;-23.606884,-46.693306";08-30-2019 09:17;OTP;1;1;530;WALK;;765;4742
NS;2;"-23.498320,-46.655980;-23.606884,-46.693306";08-30-2019 09:17;OTP;1;2;1080;BUS;9784-10;765;4742
NS;2;"-23.498320,-46.655980;-23.606884,-46.693306";08-30-2019 09:17;OTP;1;3;119;WALK;;765;4742
NS;2;"-23.498320,-46.655980;-23.606884,-46.693306";08-30-2019 09:17;OTP;1;4;537;SUBWAY;METRÔ L3;765;4742
NS;2;"-23.498320,-46.655980;-23.606884,-46.693306";08-30-2019 09:17;OTP;1;5;36;WALK;;765;4742
NS;2;"-23.498320,-46.655980;-23.606884,-46.693306";08-30-2019 09:17;OTP;1;6;756;SUBWAY;METRÔ L4;765;4742
NS;2;"-23.498320,-46.655980;-23.606884,-46.693306";08-30-2019 09:17;OTP;1;7;123;WALK;;765;4742
NS;2;"-23.498320,-46.655980;-23.606884,-46.693306";08-30-2019 09:17;OTP;1;8;680;RAIL;CPTM L09;765;4742
NS;2;"-23.498320,-46.655980;-23.606884,-46.693306";08-30-2019 09:17;OTP;1;9;514;WALK;;765;4742
NS;2;"-23.498320,-46.655980;-23.606884,-46.693306";08-30-2019 09:17;OTP;2;1;144;WALK;;765;5179
NS;2;"-23.498320,-46.655980;-23.606884,-46.693306";08-30-2019 09:17;OTP;2;2;2900;BUS;177H-10;765;5179
NS;2;"-23.498320,-46.655980;-23.606884,-46.693306";08-30-2019 09:17;OTP;2;3;187;WALK;;765;5179
NS;2;"-23.498320,-46.655980;-23.606884,-46.693306";08-30-2019 09:17;OTP;2;4;504;SUBWAY;METRÔ L4;765;5179
NS;2;"-23.498320,-46.655980;-23.606884,-46.693306";08-30-2019 09:17;OTP;2;5;123;WALK;;765;5179
NS;2;"-23.498320,-46.655980;-23.606884,-46.693306";08-30-2019 09:17;OTP;2;6;680;RAIL;CPTM L09;765;5179
NS;2;"-23.498320,-46.655980;-23.606884,-46.693306";08-30-2019 09:17;OTP;2;7;514;WALK;;765;5179
NS;2;"-23.498320,-46.655980;-23.606884,-46.693306";08-30-2019 09:17;OTP;3;1;144;WALK;;765;5205
NS;2;"-23.498320,-46.655980;-23.606884,-46.693306";08-30-2019 09:17;OTP;3;2;2101;BUS;177H-10;765;5205
NS;2;"-23.498320,-46.655980;-23.606884,-46.693306";08-30-2019 09:17;OTP;3;3;26;WALK;;765;5205
NS;2;"-23.498320,-46.655980;-23.606884,-46.693306";08-30-2019 09:17;OTP;3;4;358;SUBWAY;METRÔ L3;765;5205
NS;2;"-23.498320,-46.655980;-23.606884,-46.693306";08-30-2019 09:17;OTP;3;5;36;WALK;;765;5205
NS;2;"-23.498320,-46.655980;-23.606884,-46.693306";08-30-2019 09:17;OTP;3;6;756;SUBWAY;METRÔ L4;765;5205
NS;2;"-23.498320,-46.655980;-23.606884,-46.693306";08-30-2019 09:17;OTP;3;7;123;WALK;;765;5205
NS;2;"-23.498320,-46.655980;-23.606884,-46.693306";08-30-2019 09:17;OTP;3;8;680;RAIL;CPTM L09;765;5205
NS;2;"-23.498320,-46.655980;-23.606884,-46.693306";08-30-2019 09:17;OTP;3;9;514;WALK;;765;5205
NS;2;"-23.498320,-46.655980;-23.606884,-46.693306";08-30-2019 09:17;OTP;4;1;598;WALK;;430;5299
NS;2;"-23.498320,-46.655980;-23.606884,-46.693306";08-30-2019 09:17;OTP;4;2;900;BUS;2014-10;430;5299
NS;2;"-23.498320,-46.655980;-23.606884,-46.693306";08-30-2019 09:17;OTP;4;3;1736;BUS;209P-10;430;5299
NS;2;"-23.498320,-46.655980;-23.606884,-46.693306";08-30-2019 09:17;OTP;4;4;59;WALK;;430;5299
NS;2;"-23.498320,-46.655980;-23.606884,-46.693306";08-30-2019 09:17;OTP;4;5;384;BUS;647A-10;430;5299
NS;2;"-23.498320,-46.655980;-23.606884,-46.693306";08-30-2019 09:17;OTP;4;6;1218;BUS;709M-10;430;5299
NS;2;"-23.498320,-46.655980;-23.606884,-46.693306";08-30-2019 09:17;OTP;4;7;123;WALK;;430;5299
NS;2;"-23.498320,-46.655980;-23.606884,-46.693306";08-30-2019 09:17;OTP;5;1;145;WALK;;430;7104
NS;2;"-23.498320,-46.655980;-23.606884,-46.693306";08-30-2019 09:17;OTP;5;2;5208;BUS;967A-10;430;7104
NS;2;"-23.498320,-46.655980;-23.606884,-46.693306";08-30-2019 09:17;OTP;5;3;1504;BUS;709A-10;430;7104
NS;2;"-23.498320,-46.655980;-23.606884,-46.693306";08-30-2019 09:17;OTP;5;4;123;WALK;;430;7104
LS;3;"-23.529641,-46.438457;-23.648905,-46.703555";08-30-2019 09:17;OTP;1;1;164;WALK;;765;5785
LS;3;"-23.529641,-46.438457;-23.648905,-46.703555";08-30-2019 09:17;OTP;1;2;323;BUS;342N-10;765;5785
LS;3;"-23.529641,-46.438457;-23.648905,-46.703555";08-30-2019 09:17;OTP;1;3;240;WALK;;765;5785
LS;3;"-23.529641,-46.438457;-23.648905,-46.703555";08-30-2019 09:17;OTP;1;4;190;BUS;4024-10;765;5785
LS;3;"-23.529641,-46.438457;-23.648905,-46.703555";08-30-2019 09:17;OTP;1;5;187;WALK;;765;5785
LS;3;"-23.529641,-46.438457;-23.648905,-46.703555";08-30-2019 09:17;OTP;1;6;1348;RAIL;CPTM L11;765;5785
LS;3;"-23.529641,-46.438457;-23.648905,-46.703555";08-30-2019 09:17;OTP;1;7;151;WALK;;765;5785
LS;3;"-23.529641,-46.438457;-23.648905,-46.703555";08-30-2019 09:17;OTP;1;8;963;SUBWAY;METRÔ L1;765;5785
LS;3;"-23.529641,-46.438457;-23.648905,-46.703555";08-30-2019 09:17;OTP;1;9;11;WALK;;765;5785
LS;3;"-23.529641,-46.438457;-23.648905,-46.703555";08-30-2019 09:17;OTP;1;10;1521;SUBWAY;METRÔ L5;765;5785
LS;3;"-23.529641,-46.438457;-23.648905,-46.703555";08-30-2019 09:17;OTP;1;11;129;WALK;;765;5785
LS;3;"-23.529641,-46.438457;-23.648905,-46.703555";08-30-2019 09:17;OTP;2;1;311;WALK;;765;6389
LS;3;"-23.529641,-46.438457;-23.648905,-46.703555";08-30-2019 09:17;OTP;2;2;806;BUS;407J-10;765;6389
LS;3;"-23.529641,-46.438457;-23.648905,-46.703555";08-30-2019 09:17;OTP;2;3;75;WALK;;765;6389
LS;3;"-23.529641,-46.438457;-23.648905,-46.703555";08-30-2019 09:17;OTP;2;4;2022;RAIL;CPTM L11;765;6389
LS;3;"-23.529641,-46.438457;-23.648905,-46.703555";08-30-2019 09:17;OTP;2;5;151;WALK;;765;6389
LS;3;"-23.529641,-46.438457;-23.648905,-46.703555";08-30-2019 09:17;OTP;2;6;963;SUBWAY;METRÔ L1;765;6389
LS;3;"-23.529641,-46.438457;-23.648905,-46.703555";08-30-2019 09:17;OTP;2;7;11;WALK;;765;6389
LS;3;"-23.529641,-46.438457;-23.648905,-46.703555";08-30-2019 09:17;OTP;2;8;1521;SUBWAY;METRÔ L5;765;6389
LS;3;"-23.529641,-46.438457;-23.648905,-46.703555";08-30-2019 09:17;OTP;2;9;129;WALK;;765;6389
LS;3;"-23.529641,-46.438457;-23.648905,-46.703555";08-30-2019 09:17;OTP;3;1;311;WALK;;765;6499
LS;3;"-23.529641,-46.438457;-23.648905,-46.703555";08-30-2019 09:17;OTP;3;2;856;BUS;407L-10;765;6499
LS;3;"-23.529641,-46.438457;-23.648905,-46.703555";08-30-2019 09:17;OTP;3;3;75;WALK;;765;6499
LS;3;"-23.529641,-46.438457;-23.648905,-46.703555";08-30-2019 09:17;OTP;3;4;2022;RAIL;CPTM L11;765;6499
LS;3;"-23.529641,-46.438457;-23.648905,-46.703555";08-30-2019 09:17;OTP;3;5;151;WALK;;765;6499
LS;3;"-23.529641,-46.438457;-23.648905,-46.703555";08-30-2019 09:17;OTP;3;6;963;SUBWAY;METRÔ L1;765;6499
LS;3;"-23.529641,-46.438457;-23.648905,-46.703555";08-30-2019 09:17;OTP;3;7;11;WALK;;765;6499
LS;3;"-23.529641,-46.438457;-23.648905,-46.703555";08-30-2019 09:17;OTP;3;8;1521;SUBWAY;METRÔ L5;765;6499
LS;3;"-23.529641,-46.438457;-23.648905,-46.703555";08-30-2019 09:17;OTP;3;9;129;WALK;;765;6499
LS;3;"-23.529641,-46.438457;-23.648905,-46.703555";08-30-2019 09:17;OTP;4;1;195;WALK;;748;6707
LS;3;"-23.529641,-46.438457;-23.648905,-46.703555";08-30-2019 09:17;OTP;4;2;182;BUS;4003-10;748;6707
LS;3;"-23.529641,-46.438457;-23.648905,-46.703555";08-30-2019 09:17;OTP;4;3;677;WALK;;748;6707
LS;3;"-23.529641,-46.438457;-23.648905,-46.703555";08-30-2019 09:17;OTP;4;4;1685;RAIL;CPTM L11;748;6707
LS;3;"-23.529641,-46.438457;-23.648905,-46.703555";08-30-2019 09:17;OTP;4;5;580;WALK;;748;6707
LS;3;"-23.529641,-46.438457;-23.648905,-46.703555";08-30-2019 09:17;OTP;4;6;2925;BUS;5317-10;748;6707
LS;3;"-23.529641,-46.438457;-23.648905,-46.703555";08-30-2019 09:17;OTP;4;7;223;WALK;;748;6707
LS;3;"-23.529641,-46.438457;-23.648905,-46.703555";08-30-2019 09:17;OTP;5;1;311;WALK;;765;6756
LS;3;"-23.529641,-46.438457;-23.648905,-46.703555";08-30-2019 09:17;OTP;5;2;1105;BUS;407L-10;765;6756
LS;3;"-23.529641,-46.438457;-23.648905,-46.703555";08-30-2019 09:17;OTP;5;3;75;WALK;;765;6756
LS;3;"-23.529641,-46.438457;-23.648905,-46.703555";08-30-2019 09:17;OTP;5;4;2022;RAIL;CPTM L11;765;6756
LS;3;"-23.529641,-46.438457;-23.648905,-46.703555";08-30-2019 09:17;OTP;5;5;151;WALK;;765;6756
LS;3;"-23.529641,-46.438457;-23.648905,-46.703555";08-30-2019 09:17;OTP;5;6;963;SUBWAY;METRÔ L1;765;6756
LS;3;"-23.529641,-46.438457;-23.648905,-46.703555";08-30-2019 09:17;OTP;5;7;11;WALK;;765;6756
LS;3;"-23.529641,-46.438457;-23.648905,-46.703555";08-30-2019 09:17;OTP;5;8;1521;SUBWAY;METRÔ L5;765;6756
LS;3;"-23.529641,-46.438457;-23.648905,-46.703555";08-30-2019 09:17;OTP;5;9;129;WALK;;765;6756
SO;4;"-23.695285,-46.708019;-23.559256,-46.729138";08-30-2019 09:17;OTP;1;1;885;WALK;;748;4951
SO;4;"-23.695285,-46.708019;-23.559256,-46.729138";08-30-2019 09:17;OTP;1;2;683;BUS;6074-10;748;4951
SO;4;"-23.695285,-46.708019;-23.559256,-46.729138";08-30-2019 09:17;OTP;1;3;142;WALK;;748;4951
SO;4;"-23.695285,-46.708019;-23.559256,-46.729138";08-30-2019 09:17;OTP;1;4;1700;RAIL;CPTM L09;748;4951
SO;4;"-23.695285,-46.708019;-23.559256,-46.729138";08-30-2019 09:17;OTP;1;5;513;WALK;;748;4951
SO;4;"-23.695285,-46.708019;-23.559256,-46.729138";08-30-2019 09:17;OTP;1;6;686;BUS;8022-10;748;4951
SO;4;"-23.695285,-46.708019;-23.559256,-46.729138";08-30-2019 09:17;OTP;1;7;130;WALK;;748;4951
SO;4;"-23.695285,-46.708019;-23.559256,-46.729138";08-30-2019 09:17;OTP;2;1;710;WALK;;748;5145
SO;4;"-23.695285,-46.708019;-23.559256,-46.729138";08-30-2019 09:17;OTP;2;2;920;BUS;6076-10;748;5145
SO;4;"-23.695285,-46.708019;-23.559256,-46.729138";08-30-2019 09:17;OTP;2;3;165;WALK;;748;5145
SO;4;"-23.695285,-46.708019;-23.559256,-46.729138";08-30-2019 09:17;OTP;2;4;2040;RAIL;CPTM L09;748;5145
SO;4;"-23.695285,-46.708019;-23.559256,-46.729138";08-30-2019 09:17;OTP;2;5;324;WALK;;748;5145
SO;4;"-23.695285,-46.708019;-23.559256,-46.729138";08-30-2019 09:17;OTP;2;6;750;BUS;809U-10;748;5145
SO;4;"-23.695285,-46.708019;-23.559256,-46.729138";08-30-2019 09:17;OTP;2;7;57;WALK;;748;5145
SO;4;"-23.695285,-46.708019;-23.559256,-46.729138";08-30-2019 09:17;OTP;3;1;885;WALK;;748;5209
SO;4;"-23.695285,-46.708019;-23.559256,-46.729138";08-30-2019 09:17;OTP;3;2;773;BUS;6074-10;748;5209
SO;4;"-23.695285,-46.708019;-23.559256,-46.729138";08-30-2019 09:17;OTP;3;3;142;WALK;;748;5209
SO;4;"-23.695285,-46.708019;-23.559256,-46.729138";08-30-2019 09:17;OTP;3;4;1530;RAIL;CPTM L09;748;5209
SO;4;"-23.695285,-46.708019;-23.559256,-46.729138";08-30-2019 09:17;OTP;3;5;366;WALK;;748;5209
SO;4;"-23.695285,-46.708019;-23.559256,-46.729138";08-30-2019 09:17;OTP;3;6;1100;BUS;177H-10;748;5209
SO;4;"-23.695285,-46.708019;-23.559256,-46.729138";08-30-2019 09:17;OTP;3;7;57;WALK;;748;5209
SO;4;"-23.695285,-46.708019;-23.559256,-46.729138";08-30-2019 09:17;OTP;4;1;710;WALK;;748;5325
SO;4;"-23.695285,-46.708019;-23.559256,-46.729138";08-30-2019 09:17;OTP;4;2;920;BUS;6076-10;748;5325
SO;4;"-23.695285,-46.708019;-23.559256,-46.729138";08-30-2019 09:17;OTP;4;3;165;WALK;;748;5325
SO;4;"-23.695285,-46.708019;-23.559256,-46.729138";08-30-2019 09:17;OTP;4;4;2040;RAIL;CPTM L09;748;5325
SO;4;"-23.695285,-46.708019;-23.559256,-46.729138";08-30-2019 09:17;OTP;4;5;324;WALK;;748;5325
SO;4;"-23.695285,-46.708019;-23.559256,-46.729138";08-30-2019 09:17;OTP;4;6;750;BUS;809U-10;748;5325
SO;4;"-23.695285,-46.708019;-23.559256,-46.729138";08-30-2019 09:17;OTP;4;7;57;WALK;;748;5325
SO;4;"-23.695285,-46.708019;-23.559256,-46.729138";08-30-2019 09:17;OTP;5;1;306;WALK;;748;5595
SO;4;"-23.695285,-46.708019;-23.559256,-46.729138";08-30-2019 09:17;OTP;5;2;630;BUS;6076-41;748;5595
SO;4;"-23.695285,-46.708019;-23.559256,-46.729138";08-30-2019 09:17;OTP;5;3;560;BUS;6074-10;748;5595
SO;4;"-23.695285,-46.708019;-23.559256,-46.729138";08-30-2019 09:17;OTP;5;4;165;WALK;;748;5595
SO;4;"-23.695285,-46.708019;-23.559256,-46.729138";08-30-2019 09:17;OTP;5;5;1700;RAIL;CPTM L09;748;5595
SO;4;"-23.695285,-46.708019;-23.559256,-46.729138";08-30-2019 09:17;OTP;5;6;549;WALK;;748;5595
SO;4;"-23.695285,-46.708019;-23.559256,-46.729138";08-30-2019 09:17;OTP;5;7;905;BUS;177H-10;748;5595
SO;4;"-23.695285,-46.708019;-23.559256,-46.729138";08-30-2019 09:17;OTP;5;8;57;WALK;;748;5595
LO;1;"-23.542238,-46.436435;-23.571924,-46.690373";08-30-2019 09:17;Google;1;1;531;WALK;;765;4070
LO;1;"-23.542238,-46.436435;-23.571924,-46.690373";08-30-2019 09:17;Google;1;2;1440;RAIL;CPTM L11;765;4070
LO;1;"-23.542238,-46.436435;-23.571924,-46.690373";08-30-2019 09:17;Google;1;3;248;WALK;;765;4070
LO;1;"-23.542238,-46.436435;-23.571924,-46.690373";08-30-2019 09:17;Google;1;4;840;SUBWAY;METRÔ L4;765;4070
LO;1;"-23.542238,-46.436435;-23.571924,-46.690373";08-30-2019 09:17;Google;1;5;586;WALK;;765;4070
LO;1;"-23.542238,-46.436435;-23.571924,-46.690373";08-30-2019 09:17;Google;2;1;531;WALK;;765;4191
LO;1;"-23.542238,-46.436435;-23.571924,-46.690373";08-30-2019 09:17;Google;2;2;1440;RAIL;CPTM L11;765;4191
LO;1;"-23.542238,-46.436435;-23.571924,-46.690373";08-30-2019 09:17;Google;2;3;248;WALK;;765;4191
LO;1;"-23.542238,-46.436435;-23.571924,-46.690373";08-30-2019 09:17;Google;2;4;560;SUBWAY;METRÔ L4;765;4191
LO;1;"-23.542238,-46.436435;-23.571924,-46.690373";08-30-2019 09:17;Google;2;5;106;WALK;;765;4191
LO;1;"-23.542238,-46.436435;-23.571924,-46.690373";08-30-2019 09:17;Google;2;6;387;BUS;7545-10;765;4191
LO;1;"-23.542238,-46.436435;-23.571924,-46.690373";08-30-2019 09:17;Google;2;7;133;WALK;;765;4191
LO;1;"-23.542238,-46.436435;-23.571924,-46.690373";08-30-2019 09:17;Google;3;1;531;WALK;;748;5351
LO;1;"-23.542238,-46.436435;-23.571924,-46.690373";08-30-2019 09:17;Google;3;2;1080;RAIL;CPTM L11;748;5351
LO;1;"-23.542238,-46.436435;-23.571924,-46.690373";08-30-2019 09:17;Google;3;3;235;WALK;;748;5351
LO;1;"-23.542238,-46.436435;-23.571924,-46.690373";08-30-2019 09:17;Google;3;4;2125;BUS;702C-10;748;5351
LO;1;"-23.542238,-46.436435;-23.571924,-46.690373";08-30-2019 09:17;Google;3;5;133;WALK;;748;5351
LO;1;"-23.542238,-46.436435;-23.571924,-46.690373";08-30-2019 09:17;Google;4;1;1033;WALK;;765;4378
LO;1;"-23.542238,-46.436435;-23.571924,-46.690373";08-30-2019 09:17;Google;4;2;1080;RAIL;CPTM L11;765;4378
LO;1;"-23.542238,-46.436435;-23.571924,-46.690373";08-30-2019 09:17;Google;4;3;248;WALK;;765;4378
LO;1;"-23.542238,-46.436435;-23.571924,-46.690373";08-30-2019 09:17;Google;4;4;560;SUBWAY;METRÔ L4;765;4378
LO;1;"-23.542238,-46.436435;-23.571924,-46.690373";08-30-2019 09:17;Google;4;5;106;WALK;;765;4378
LO;1;"-23.542238,-46.436435;-23.571924,-46.690373";08-30-2019 09:17;Google;4;6;432;BUS;8700-10;765;4378
LO;1;"-23.542238,-46.436435;-23.571924,-46.690373";08-30-2019 09:17;Google;4;7;133;WALK;;765;4378
NS;2;"-23.498320,-46.655980;-23.606884,-46.693306";08-30-2019 09:17;Google;1;1;136;WALK;;765;5194
NS;2;"-23.498320,-46.655980;-23.606884,-46.693306";08-30-2019 09:17;Google;1;2;1921;BUS;9354-10;765;5194
NS;2;"-23.498320,-46.655980;-23.606884,-46.693306";08-30-2019 09:17;Google;1;3;455;WALK;;765;5194
NS;2;"-23.498320,-46.655980;-23.606884,-46.693306";08-30-2019 09:17;Google;1;4;840;SUBWAY;METRÔ L4;765;5194
NS;2;"-23.498320,-46.655980;-23.606884,-46.693306";08-30-2019 09:17;Google;1;5;0;WALK;;765;5194
NS;2;"-23.498320,-46.655980;-23.606884,-46.693306";08-30-2019 09:17;Google;1;6;720;RAIL;CPTM L09;765;5194
NS;2;"-23.498320,-46.655980;-23.606884,-46.693306";08-30-2019 09:17;Google;1;7;494;WALK;;765;5194
NS;2;"-23.498320,-46.655980;-23.606884,-46.693306";08-30-2019 09:17;Google;2;1;493;WALK;;748;5580
NS;2;"-23.498320,-46.655980;-23.606884,-46.693306";08-30-2019 09:17;Google;2;2;851;BUS;9784-10;748;5580
NS;2;"-23.498320,-46.655980;-23.606884,-46.693306";08-30-2019 09:17;Google;2;3;138;WALK;;748;5580
NS;2;"-23.498320,-46.655980;-23.606884,-46.693306";08-30-2019 09:17;Google;2;4;1958;BUS;209P-10;748;5580
NS;2;"-23.498320,-46.655980;-23.606884,-46.693306";08-30-2019 09:17;Google;2;5;178;WALK;;748;5580
NS;2;"-23.498320,-46.655980;-23.606884,-46.693306";08-30-2019 09:17;Google;2;6;720;RAIL;CPTM L09;748;5580
NS;2;"-23.498320,-46.655980;-23.606884,-46.693306";08-30-2019 09:17;Google;2;7;494;WALK;;748;5580
NS;2;"-23.498320,-46.655980;-23.606884,-46.693306";08-30-2019 09:17;Google;3;1;152;WALK;;430;6756
NS;2;"-23.498320,-46.655980;-23.606884,-46.693306";08-30-2019 09:17;Google;3;2;4351;BUS;967A-10;430;6756
NS;2;"-23.498320,-46.655980;-23.606884,-46.693306";08-30-2019 09:17;Google;3;3;1504;BUS;709A-10;430;6756
NS;2;"-23.498320,-46.655980;-23.606884,-46.693306";08-30-2019 09:17;Google;4;1;136;WALK;;765;5193
NS;2;"-23.498320,-46.655980;-23.606884,-46.693306";08-30-2019 09:17;Google;4;2;1920;BUS;9354-10;765;5193
NS;2;"-23.498320,-46.655980;-23.606884,-46.693306";08-30-2019 09:17;Google;4;3;455;WALK;;765;5193
NS;2;"-23.498320,-46.655980;-23.606884,-46.693306";08-30-2019 09:17;Google;4;4;840;SUBWAY;METRÔ L4;765;5193
NS;2;"-23.498320,-46.655980;-23.606884,-46.693306";08-30-2019 09:17;Google;4;5;0;WALK;;765;5193
NS;2;"-23.498320,-46.655980;-23.606884,-46.693306";08-30-2019 09:17;Google;4;6;720;RAIL;CPTM L09;765;5193
NS;2;"-23.498320,-46.655980;-23.606884,-46.693306";08-30-2019 09:17;Google;4;7;494;WALK;;765;5193
LS;3;"-23.529641,-46.438457;-23.648905,-46.703555";08-30-2019 09:18;Google;1;1;165;WALK;;748;6797
LS;3;"-23.529641,-46.438457;-23.648905,-46.703555";08-30-2019 09:18;Google;1;2;918;BUS;2705-10;748;6797
LS;3;"-23.529641,-46.438457;-23.648905,-46.703555";08-30-2019 09:18;Google;1;3;108;WALK;;748;6797
LS;3;"-23.529641,-46.438457;-23.648905,-46.703555";08-30-2019 09:18;Google;1;4;2280;SUBWAY;METRÔ L3;748;6797
LS;3;"-23.529641,-46.438457;-23.648905,-46.703555";08-30-2019 09:18;Google;1;5;0;WALK;;748;6797
LS;3;"-23.529641,-46.438457;-23.648905,-46.703555";08-30-2019 09:18;Google;1;6;784;SUBWAY;METRÔ L1;748;6797
LS;3;"-23.529641,-46.438457;-23.648905,-46.703555";08-30-2019 09:18;Google;1;7;0;WALK;;748;6797
LS;3;"-23.529641,-46.438457;-23.648905,-46.703555";08-30-2019 09:18;Google;1;8;1620;SUBWAY;METRÔ L5;748;6797
LS;3;"-23.529641,-46.438457;-23.648905,-46.703555";08-30-2019 09:18;Google;1;9;139;WALK;;748;6797
LS;3;"-23.529641,-46.438457;-23.648905,-46.703555";08-30-2019 09:18;Google;2;1;414;WALK;;748;6994
LS;3;"-23.529641,-46.438457;-23.648905,-46.703555";08-30-2019 09:18;Google;2;2;908;BUS;3766-10;748;6994
LS;3;"-23.529641,-46.438457;-23.648905,-46.703555";08-30-2019 09:18;Google;2;3;1190;WALK;;748;6994
LS;3;"-23.529641,-46.438457;-23.648905,-46.703555";08-30-2019 09:18;Google;2;4;2280;SUBWAY;METRÔ L3;748;6994
LS;3;"-23.529641,-46.438457;-23.648905,-46.703555";08-30-2019 09:18;Google;2;5;0;WALK;;748;6994
LS;3;"-23.529641,-46.438457;-23.648905,-46.703555";08-30-2019 09:18;Google;2;6;784;SUBWAY;METRÔ L1;748;6994
LS;3;"-23.529641,-46.438457;-23.648905,-46.703555";08-30-2019 09:18;Google;2;7;0;WALK;;748;6994
LS;3;"-23.529641,-46.438457;-23.648905,-46.703555";08-30-2019 09:18;Google;2;8;1620;SUBWAY;METRÔ L5;748;6994
LS;3;"-23.529641,-46.438457;-23.648905,-46.703555";08-30-2019 09:18;Google;2;9;139;WALK;;748;6994
LS;3;"-23.529641,-46.438457;-23.648905,-46.703555";08-30-2019 09:18;Google;3;1;165;WALK;;748;7861
LS;3;"-23.529641,-46.438457;-23.648905,-46.703555";08-30-2019 09:18;Google;3;2;918;BUS;2705-10;748;7861
LS;3;"-23.529641,-46.438457;-23.648905,-46.703555";08-30-2019 09:18;Google;3;3;108;WALK;;748;7861
LS;3;"-23.529641,-46.438457;-23.648905,-46.703555";08-30-2019 09:18;Google;3;4;2470;SUBWAY;METRÔ L3;748;7861
LS;3;"-23.529641,-46.438457;-23.648905,-46.703555";08-30-2019 09:18;Google;3;5;325;WALK;;748;7861
LS;3;"-23.529641,-46.438457;-23.648905,-46.703555";08-30-2019 09:18;Google;3;6;3135;BUS;6505-10;748;7861
LS;3;"-23.529641,-46.438457;-23.648905,-46.703555";08-30-2019 09:18;Google;3;7;78;WALK;;748;7861
LS;3;"-23.529641,-46.438457;-23.648905,-46.703555";08-30-2019 09:18;Google;4;1;165;WALK;;430;8298
LS;3;"-23.529641,-46.438457;-23.648905,-46.703555";08-30-2019 09:18;Google;4;2;491;BUS;4003-10;430;8298
LS;3;"-23.529641,-46.438457;-23.648905,-46.703555";08-30-2019 09:18;Google;4;3;15;WALK;;430;8298
LS;3;"-23.529641,-46.438457;-23.648905,-46.703555";08-30-2019 09:18;Google;4;4;1416;BUS;4310-10;430;8298
LS;3;"-23.529641,-46.438457;-23.648905,-46.703555";08-30-2019 09:18;Google;4;5;1369;BUS;3459-10;430;8298
LS;3;"-23.529641,-46.438457;-23.648905,-46.703555";08-30-2019 09:18;Google;4;6;3975;BUS;5300-10;430;8298
LS;3;"-23.529641,-46.438457;-23.648905,-46.703555";08-30-2019 09:18;Google;4;7;78;WALK;;430;8298
SO;4;"-23.695285,-46.708019;-23.559256,-46.729138";08-30-2019 09:18;Google;1;1;664;WALK;;2383;4850
SO;4;"-23.695285,-46.708019;-23.559256,-46.729138";08-30-2019 09:18;Google;1;2;970;BUS;6960-10;2383;4850
SO;4;"-23.695285,-46.708019;-23.559256,-46.729138";08-30-2019 09:18;Google;1;3;141;WALK;;2383;4850
SO;4;"-23.695285,-46.708019;-23.559256,-46.729138";08-30-2019 09:18;Google;1;4;900;RAIL;CPTM L09;2383;4850
SO;4;"-23.695285,-46.708019;-23.559256,-46.729138";08-30-2019 09:18;Google;1;5;4;WALK;;2383;4850
SO;4;"-23.695285,-46.708019;-23.559256,-46.729138";08-30-2019 09:18;Google;1;6;2071;BUS;280BI1;2383;4850
SO;4;"-23.695285,-46.708019;-23.559256,-46.729138";08-30-2019 09:18;Google;1;7;77;WALK;;2383;4850
SO;4;"-23.695285,-46.708019;-23.559256,-46.729138";08-30-2019 09:18;Google;2;1;743;WALK;;2383;4525
SO;4;"-23.695285,-46.708019;-23.559256,-46.729138";08-30-2019 09:18;Google;2;2;958;BUS;6027-10;2383;4525
SO;4;"-23.695285,-46.708019;-23.559256,-46.729138";08-30-2019 09:18;Google;2;3;141;WALK;;2383;4525
SO;4;"-23.695285,-46.708019;-23.559256,-46.729138";08-30-2019 09:18;Google;2;4;900;RAIL;CPTM L09;2383;4525
SO;4;"-23.695285,-46.708019;-23.559256,-46.729138";08-30-2019 09:18;Google;2;5;4;WALK;;2383;4525
SO;4;"-23.695285,-46.708019;-23.559256,-46.729138";08-30-2019 09:18;Google;2;6;2071;BUS;280BI1;2383;4525
SO;4;"-23.695285,-46.708019;-23.559256,-46.729138";08-30-2019 09:18;Google;2;7;77;WALK;;2383;4525
SO;4;"-23.695285,-46.708019;-23.559256,-46.729138";08-30-2019 09:18;Google;3;1;664;WALK;;748;5820
SO;4;"-23.695285,-46.708019;-23.559256,-46.729138";08-30-2019 09:18;Google;3;2;759;BUS;6000-10;748;5820
SO;4;"-23.695285,-46.708019;-23.559256,-46.729138";08-30-2019 09:18;Google;3;3;337;WALK;;748;5820
SO;4;"-23.695285,-46.708019;-23.559256,-46.729138";08-30-2019 09:18;Google;3;4;1620;RAIL;CPTM L09;748;5820
SO;4;"-23.695285,-46.708019;-23.559256,-46.729138";08-30-2019 09:18;Google;3;5;407;WALK;;748;5820
SO;4;"-23.695285,-46.708019;-23.559256,-46.729138";08-30-2019 09:18;Google;3;6;707;BUS;8022-10;748;5820
SO;4;"-23.695285,-46.708019;-23.559256,-46.729138";08-30-2019 09:18;Google;3;7;93;WALK;;748;5820
SO;4;"-23.695285,-46.708019;-23.559256,-46.729138";08-30-2019 09:18;Google;4;1;664;WALK;;765;6144
SO;4;"-23.695285,-46.708019;-23.559256,-46.729138";08-30-2019 09:18;Google;4;2;1110;BUS;6960-10;765;6144
SO;4;"-23.695285,-46.708019;-23.559256,-46.729138";08-30-2019 09:18;Google;4;3;141;WALK;;765;6144
SO;4;"-23.695285,-46.708019;-23.559256,-46.729138";08-30-2019 09:18;Google;4;4;1260;RAIL;CPTM L09;765;6144
SO;4;"-23.695285,-46.708019;-23.559256,-46.729138";08-30-2019 09:18;Google;4;5;0;WALK;;765;6144
SO;4;"-23.695285,-46.708019;-23.559256,-46.729138";08-30-2019 09:18;Google;4;6;140;SUBWAY;METRÔ L4;765;6144
SO;4;"-23.695285,-46.708019;-23.559256,-46.729138";08-30-2019 09:18;Google;4;7;278;WALK;;765;6144
SO;4;"-23.695285,-46.708019;-23.559256,-46.729138";08-30-2019 09:18;Google;4;8;742;BUS;8032-10;765;6144
SO;4;"-23.695285,-46.708019;-23.559256,-46.729138";08-30-2019 09:18;Google;4;9;54;WALK;;765;6144
LO;1;"-23.542238,-46.436435;-23.571924,-46.690373";08-30-2019 09:43;OTP;1;1;727;WALK;;765;3686
LO;1;"-23.542238,-46.436435;-23.571924,-46.690373";08-30-2019 09:43;OTP;1;2;1685;RAIL;CPTM L11;765;3686
LO;1;"-23.542238,-46.436435;-23.571924,-46.690373";08-30-2019 09:43;OTP;1;3;167;WALK;;765;3686
LO;1;"-23.542238,-46.436435;-23.571924,-46.690373";08-30-2019 09:43;OTP;1;4;756;SUBWAY;METRÔ L4;765;3686
LO;1;"-23.542238,-46.436435;-23.571924,-46.690373";08-30-2019 09:43;OTP;1;5;46;WALK;;765;3686
LO;1;"-23.542238,-46.436435;-23.571924,-46.690373";08-30-2019 09:43;OTP;1;6;175;BUS;7040-10;765;3686
LO;1;"-23.542238,-46.436435;-23.571924,-46.690373";08-30-2019 09:43;OTP;1;7;49;WALK;;765;3686
LO;1;"-23.542238,-46.436435;-23.571924,-46.690373";08-30-2019 09:43;OTP;2;1;727;WALK;;765;3736
LO;1;"-23.542238,-46.436435;-23.571924,-46.690373";08-30-2019 09:43;OTP;2;2;1685;RAIL;CPTM L11;765;3736
LO;1;"-23.542238,-46.436435;-23.571924,-46.690373";08-30-2019 09:43;OTP;2;3;167;WALK;;765;3736
LO;1;"-23.542238,-46.436435;-23.571924,-46.690373";08-30-2019 09:43;OTP;2;4;756;SUBWAY;METRÔ L4;765;3736
LO;1;"-23.542238,-46.436435;-23.571924,-46.690373";08-30-2019 09:43;OTP;2;5;61;WALK;;765;3736
LO;1;"-23.542238,-46.436435;-23.571924,-46.690373";08-30-2019 09:43;OTP;2;6;126;BUS;875C-10;765;3736
LO;1;"-23.542238,-46.436435;-23.571924,-46.690373";08-30-2019 09:43;OTP;2;7;49;WALK;;765;3736
LO;1;"-23.542238,-46.436435;-23.571924,-46.690373";08-30-2019 09:43;OTP;3;1;28;WALK;;765;3804
LO;1;"-23.542238,-46.436435;-23.571924,-46.690373";08-30-2019 09:43;OTP;3;2;341;BUS;3732-10;765;3804
LO;1;"-23.542238,-46.436435;-23.571924,-46.690373";08-30-2019 09:43;OTP;3;3;144;WALK;;765;3804
LO;1;"-23.542238,-46.436435;-23.571924,-46.690373";08-30-2019 09:43;OTP;3;4;1685;RAIL;CPTM L11;765;3804
LO;1;"-23.542238,-46.436435;-23.571924,-46.690373";08-30-2019 09:43;OTP;3;5;167;WALK;;765;3804
LO;1;"-23.542238,-46.436435;-23.571924,-46.690373";08-30-2019 09:43;OTP;3;6;756;SUBWAY;METRÔ L4;765;3804
LO;1;"-23.542238,-46.436435;-23.571924,-46.690373";08-30-2019 09:43;OTP;3;7;475;WALK;;765;3804
LO;1;"-23.542238,-46.436435;-23.571924,-46.690373";08-30-2019 09:43;OTP;4;1;727;WALK;;765;3830
LO;1;"-23.542238,-46.436435;-23.571924,-46.690373";08-30-2019 09:43;OTP;4;2;1685;RAIL;CPTM L11;765;3830
LO;1;"-23.542238,-46.436435;-23.571924,-46.690373";08-30-2019 09:43;OTP;4;3;167;WALK;;765;3830
LO;1;"-23.542238,-46.436435;-23.571924,-46.690373";08-30-2019 09:43;OTP;4;4;756;SUBWAY;METRÔ L4;765;3830
LO;1;"-23.542238,-46.436435;-23.571924,-46.690373";08-30-2019 09:43;OTP;4;5;61;WALK;;765;3830
LO;1;"-23.542238,-46.436435;-23.571924,-46.690373";08-30-2019 09:43;OTP;4;6;161;BUS;856R-10;765;3830
LO;1;"-23.542238,-46.436435;-23.571924,-46.690373";08-30-2019 09:43;OTP;4;7;49;WALK;;765;3830
LO;1;"-23.542238,-46.436435;-23.571924,-46.690373";08-30-2019 09:43;OTP;5;1;727;WALK;;765;3852
LO;1;"-23.542238,-46.436435;-23.571924,-46.690373";08-30-2019 09:43;OTP;5;2;1685;RAIL;CPTM L11;765;3852
LO;1;"-23.542238,-46.436435;-23.571924,-46.690373";08-30-2019 09:43;OTP;5;3;167;WALK;;765;3852
LO;1;"-23.542238,-46.436435;-23.571924,-46.690373";08-30-2019 09:43;OTP;5;4;756;SUBWAY;METRÔ L4;765;3852
LO;1;"-23.542238,-46.436435;-23.571924,-46.690373";08-30-2019 09:43;OTP;5;5;46;WALK;;765;3852
LO;1;"-23.542238,-46.436435;-23.571924,-46.690373";08-30-2019 09:43;OTP;5;6;121;BUS;6262-10;765;3852
LO;1;"-23.542238,-46.436435;-23.571924,-46.690373";08-30-2019 09:43;OTP;5;7;49;WALK;;765;3852
NS;2;"-23.498320,-46.655980;-23.606884,-46.693306";08-30-2019 09:43;OTP;1;1;144;WALK;;765;4433
NS;2;"-23.498320,-46.655980;-23.606884,-46.693306";08-30-2019 09:43;OTP;1;2;1533;BUS;9354-10;765;4433
NS;2;"-23.498320,-46.655980;-23.606884,-46.693306";08-30-2019 09:43;OTP;1;3;547;WALK;;765;4433
NS;2;"-23.498320,-46.655980;-23.606884,-46.693306";08-30-2019 09:43;OTP;1;4;756;SUBWAY;METRÔ L4;765;4433
NS;2;"-23.498320,-46.655980;-23.606884,-46.693306";08-30-2019 09:43;OTP;1;5;123;WALK;;765;4433
NS;2;"-23.498320,-46.655980;-23.606884,-46.693306";08-30-2019 09:43;OTP;1;6;680;RAIL;CPTM L09;765;4433
NS;2;"-23.498320,-46.655980;-23.606884,-46.693306";08-30-2019 09:43;OTP;1;7;514;WALK;;765;4433
NS;2;"-23.498320,-46.655980;-23.606884,-46.693306";08-30-2019 09:43;OTP;2;1;144;WALK;;765;4637
NS;2;"-23.498320,-46.655980;-23.606884,-46.693306";08-30-2019 09:43;OTP;2;2;1632;BUS;177H-10;765;4637
NS;2;"-23.498320,-46.655980;-23.606884,-46.693306";08-30-2019 09:43;OTP;2;3;26;WALK;;765;4637
NS;2;"-23.498320,-46.655980;-23.606884,-46.693306";08-30-2019 09:43;OTP;2;4;358;SUBWAY;METRÔ L3;765;4637
NS;2;"-23.498320,-46.655980;-23.606884,-46.693306";08-30-2019 09:43;OTP;2;5;36;WALK;;765;4637
NS;2;"-23.498320,-46.655980;-23.606884,-46.693306";08-30-2019 09:43;OTP;2;6;756;SUBWAY;METRÔ L4;765;4637
NS;2;"-23.498320,-46.655980;-23.606884,-46.693306";08-30-2019 09:43;OTP;2;7;123;WALK;;765;4637
NS;2;"-23.498320,-46.655980;-23.606884,-46.693306";08-30-2019 09:43;OTP;2;8;680;RAIL;CPTM L09;765;4637
NS;2;"-23.498320,-46.655980;-23.606884,-46.693306";08-30-2019 09:43;OTP;2;9;514;WALK;;765;4637
NS;2;"-23.498320,-46.655980;-23.606884,-46.693306";08-30-2019 09:43;OTP;3;1;144;WALK;;430;5298
NS;2;"-23.498320,-46.655980;-23.606884,-46.693306";08-30-2019 09:43;OTP;3;2;1729;BUS;9354-10;430;5298
NS;2;"-23.498320,-46.655980;-23.606884,-46.693306";08-30-2019 09:43;OTP;3;3;191;WALK;;430;5298
NS;2;"-23.498320,-46.655980;-23.606884,-46.693306";08-30-2019 09:43;OTP;3;4;1386;BUS;7545-10;430;5298
NS;2;"-23.498320,-46.655980;-23.606884,-46.693306";08-30-2019 09:43;OTP;3;5;124;WALK;;430;5298
NS;2;"-23.498320,-46.655980;-23.606884,-46.693306";08-30-2019 09:43;OTP;3;6;1566;BUS;709M-10;430;5298
NS;2;"-23.498320,-46.655980;-23.606884,-46.693306";08-30-2019 09:43;OTP;3;7;123;WALK;;430;5298
NS;2;"-23.498320,-46.655980;-23.606884,-46.693306";08-30-2019 09:43;OTP;4;1;145;WALK;;748;5866
NS;2;"-23.498320,-46.655980;-23.606884,-46.693306";08-30-2019 09:43;OTP;4;2;1627;BUS;148P-10;748;5866
NS;2;"-23.498320,-46.655980;-23.606884,-46.693306";08-30-2019 09:43;OTP;4;3;173;WALK;;748;5866
NS;2;"-23.498320,-46.655980;-23.606884,-46.693306";08-30-2019 09:43;OTP;4;4;1600;RAIL;CPTM L08;748;5866
NS;2;"-23.498320,-46.655980;-23.606884,-46.693306";08-30-2019 09:43;OTP;4;5;19;WALK;;748;5866
NS;2;"-23.498320,-46.655980;-23.606884,-46.693306";08-30-2019 09:43;OTP;4;6;1360;RAIL;CPTM L09;748;5866
NS;2;"-23.498320,-46.655980;-23.606884,-46.693306";08-30-2019 09:43;OTP;4;7;514;WALK;;748;5866
NS;2;"-23.498320,-46.655980;-23.606884,-46.693306";08-30-2019 09:43;OTP;5;1;145;WALK;;430;6263
NS;2;"-23.498320,-46.655980;-23.606884,-46.693306";08-30-2019 09:43;OTP;5;2;4084;BUS;967A-10;430;6263
NS;2;"-23.498320,-46.655980;-23.606884,-46.693306";08-30-2019 09:43;OTP;5;3;1504;BUS;709A-10;430;6263
NS;2;"-23.498320,-46.655980;-23.606884,-46.693306";08-30-2019 09:43;OTP;5;4;123;WALK;;430;6263
LS;3;"-23.529641,-46.438457;-23.648905,-46.703555";08-30-2019 09:43;OTP;1;1;164;WALK;;765;5485
LS;3;"-23.529641,-46.438457;-23.648905,-46.703555";08-30-2019 09:43;OTP;1;2;455;BUS;342N-10;765;5485
LS;3;"-23.529641,-46.438457;-23.648905,-46.703555";08-30-2019 09:43;OTP;1;3;132;BUS;4020-10;765;5485
LS;3;"-23.529641,-46.438457;-23.648905,-46.703555";08-30-2019 09:43;OTP;1;4;219;WALK;;765;5485
LS;3;"-23.529641,-46.438457;-23.648905,-46.703555";08-30-2019 09:43;OTP;1;5;1348;RAIL;CPTM L11;765;5485
LS;3;"-23.529641,-46.438457;-23.648905,-46.703555";08-30-2019 09:43;OTP;1;6;151;WALK;;765;5485
LS;3;"-23.529641,-46.438457;-23.648905,-46.703555";08-30-2019 09:43;OTP;1;7;963;SUBWAY;METRÔ L1;765;5485
LS;3;"-23.529641,-46.438457;-23.648905,-46.703555";08-30-2019 09:43;OTP;1;8;11;WALK;;765;5485
LS;3;"-23.529641,-46.438457;-23.648905,-46.703555";08-30-2019 09:43;OTP;1;9;1521;SUBWAY;METRÔ L5;765;5485
LS;3;"-23.529641,-46.438457;-23.648905,-46.703555";08-30-2019 09:43;OTP;1;10;129;WALK;;765;5485
LS;3;"-23.529641,-46.438457;-23.648905,-46.703555";08-30-2019 09:43;OTP;2;1;195;WALK;;765;5898
LS;3;"-23.529641,-46.438457;-23.648905,-46.703555";08-30-2019 09:43;OTP;2;2;141;BUS;2705-10;765;5898
LS;3;"-23.529641,-46.438457;-23.648905,-46.703555";08-30-2019 09:43;OTP;2;3;677;WALK;;765;5898
LS;3;"-23.529641,-46.438457;-23.648905,-46.703555";08-30-2019 09:43;OTP;2;4;1685;RAIL;CPTM L11;765;5898
LS;3;"-23.529641,-46.438457;-23.648905,-46.703555";08-30-2019 09:43;OTP;2;5;151;WALK;;765;5898
LS;3;"-23.529641,-46.438457;-23.648905,-46.703555";08-30-2019 09:43;OTP;2;6;963;SUBWAY;METRÔ L1;765;5898
LS;3;"-23.529641,-46.438457;-23.648905,-46.703555";08-30-2019 09:43;OTP;2;7;11;WALK;;765;5898
LS;3;"-23.529641,-46.438457;-23.648905,-46.703555";08-30-2019 09:43;OTP;2;8;1521;SUBWAY;METRÔ L5;765;5898
LS;3;"-23.529641,-46.438457;-23.648905,-46.703555";08-30-2019 09:43;OTP;2;9;129;WALK;;765;5898
LS;3;"-23.529641,-46.438457;-23.648905,-46.703555";08-30-2019 09:43;OTP;3;1;629;WALK;;748;6391
LS;3;"-23.529641,-46.438457;-23.648905,-46.703555";08-30-2019 09:43;OTP;3;2;906;BUS;407P-10;748;6391
LS;3;"-23.529641,-46.438457;-23.648905,-46.703555";08-30-2019 09:43;OTP;3;3;263;WALK;;748;6391
LS;3;"-23.529641,-46.438457;-23.648905,-46.703555";08-30-2019 09:43;OTP;3;4;1969;SUBWAY;METRÔ L3;748;6391
LS;3;"-23.529641,-46.438457;-23.648905,-46.703555";08-30-2019 09:43;OTP;3;5;19;WALK;;748;6391
LS;3;"-23.529641,-46.438457;-23.648905,-46.703555";08-30-2019 09:43;OTP;3;6;749;SUBWAY;METRÔ L1;748;6391
LS;3;"-23.529641,-46.438457;-23.648905,-46.703555";08-30-2019 09:43;OTP;3;7;11;WALK;;748;6391
LS;3;"-23.529641,-46.438457;-23.648905,-46.703555";08-30-2019 09:43;OTP;3;8;1521;SUBWAY;METRÔ L5;748;6391
LS;3;"-23.529641,-46.438457;-23.648905,-46.703555";08-30-2019 09:43;OTP;3;9;129;WALK;;748;6391
LS;3;"-23.529641,-46.438457;-23.648905,-46.703555";08-30-2019 09:43;OTP;4;1;195;WALK;;765;6466
LS;3;"-23.529641,-46.438457;-23.648905,-46.703555";08-30-2019 09:43;OTP;4;2;520;BUS;342N-10;765;6466
LS;3;"-23.529641,-46.438457;-23.648905,-46.703555";08-30-2019 09:43;OTP;4;3;119;WALK;;765;6466
LS;3;"-23.529641,-46.438457;-23.648905,-46.703555";08-30-2019 09:43;OTP;4;4;2022;RAIL;CPTM L11;765;6466
LS;3;"-23.529641,-46.438457;-23.648905,-46.703555";08-30-2019 09:43;OTP;4;5;151;WALK;;765;6466
LS;3;"-23.529641,-46.438457;-23.648905,-46.703555";08-30-2019 09:43;OTP;4;6;963;SUBWAY;METRÔ L1;765;6466
LS;3;"-23.529641,-46.438457;-23.648905,-46.703555";08-30-2019 09:43;OTP;4;7;11;WALK;;765;6466
LS;3;"-23.529641,-46.438457;-23.648905,-46.703555";08-30-2019 09:43;OTP;4;8;1521;SUBWAY;METRÔ L5;765;6466
LS;3;"-23.529641,-46.438457;-23.648905,-46.703555";08-30-2019 09:43;OTP;4;9;129;WALK;;765;6466
LS;3;"-23.529641,-46.438457;-23.648905,-46.703555";08-30-2019 09:43;OTP;5;1;195;WALK;;765;6912
LS;3;"-23.529641,-46.438457;-23.648905,-46.703555";08-30-2019 09:43;OTP;5;2;690;BUS;342N-10;765;6912
LS;3;"-23.529641,-46.438457;-23.648905,-46.703555";08-30-2019 09:43;OTP;5;3;119;WALK;;765;6912
LS;3;"-23.529641,-46.438457;-23.648905,-46.703555";08-30-2019 09:43;OTP;5;4;2022;RAIL;CPTM L11;765;6912
LS;3;"-23.529641,-46.438457;-23.648905,-46.703555";08-30-2019 09:43;OTP;5;5;151;WALK;;765;6912
LS;3;"-23.529641,-46.438457;-23.648905,-46.703555";08-30-2019 09:43;OTP;5;6;963;SUBWAY;METRÔ L1;765;6912
LS;3;"-23.529641,-46.438457;-23.648905,-46.703555";08-30-2019 09:43;OTP;5;7;11;WALK;;765;6912
LS;3;"-23.529641,-46.438457;-23.648905,-46.703555";08-30-2019 09:43;OTP;5;8;1521;SUBWAY;METRÔ L5;765;6912
LS;3;"-23.529641,-46.438457;-23.648905,-46.703555";08-30-2019 09:43;OTP;5;9;129;WALK;;765;6912
SO;4;"-23.695285,-46.708019;-23.559256,-46.729138";08-30-2019 09:43;OTP;1;1;885;WALK;;748;4986
SO;4;"-23.695285,-46.708019;-23.559256,-46.729138";08-30-2019 09:43;OTP;1;2;654;BUS;6074-10;748;4986
SO;4;"-23.695285,-46.708019;-23.559256,-46.729138";08-30-2019 09:43;OTP;1;3;142;WALK;;748;4986
SO;4;"-23.695285,-46.708019;-23.559256,-46.729138";08-30-2019 09:43;OTP;1;4;1700;RAIL;CPTM L09;748;4986
SO;4;"-23.695285,-46.708019;-23.559256,-46.729138";08-30-2019 09:43;OTP;1;5;513;WALK;;748;4986
SO;4;"-23.695285,-46.708019;-23.559256,-46.729138";08-30-2019 09:43;OTP;1;6;686;BUS;8022-10;748;4986
SO;4;"-23.695285,-46.708019;-23.559256,-46.729138";08-30-2019 09:43;OTP;1;7;130;WALK;;748;4986
SO;4;"-23.695285,-46.708019;-23.559256,-46.729138";08-30-2019 09:43;OTP;2;1;751;WALK;;748;5198
SO;4;"-23.695285,-46.708019;-23.559256,-46.729138";08-30-2019 09:43;OTP;2;2;806;BUS;6027-10;748;5198
SO;4;"-23.695285,-46.708019;-23.559256,-46.729138";08-30-2019 09:43;OTP;2;3;235;WALK;;748;5198
SO;4;"-23.695285,-46.708019;-23.559256,-46.729138";08-30-2019 09:43;OTP;2;4;1360;RAIL;CPTM L09;748;5198
SO;4;"-23.695285,-46.708019;-23.559256,-46.729138";08-30-2019 09:43;OTP;2;5;366;WALK;;748;5198
SO;4;"-23.695285,-46.708019;-23.559256,-46.729138";08-30-2019 09:43;OTP;2;6;950;BUS;177H-10;748;5198
SO;4;"-23.695285,-46.708019;-23.559256,-46.729138";08-30-2019 09:43;OTP;2;7;57;WALK;;748;5198
SO;4;"-23.695285,-46.708019;-23.559256,-46.729138";08-30-2019 09:43;OTP;3;1;751;WALK;;748;5349
SO;4;"-23.695285,-46.708019;-23.559256,-46.729138";08-30-2019 09:43;OTP;3;2;813;BUS;6027-10;748;5349
SO;4;"-23.695285,-46.708019;-23.559256,-46.729138";08-30-2019 09:43;OTP;3;3;235;WALK;;748;5349
SO;4;"-23.695285,-46.708019;-23.559256,-46.729138";08-30-2019 09:43;OTP;3;4;1530;RAIL;CPTM L09;748;5349
SO;4;"-23.695285,-46.708019;-23.559256,-46.729138";08-30-2019 09:43;OTP;3;5;324;WALK;;748;5349
SO;4;"-23.695285,-46.708019;-23.559256,-46.729138";08-30-2019 09:43;OTP;3;6;750;BUS;809U-10;748;5349
SO;4;"-23.695285,-46.708019;-23.559256,-46.729138";08-30-2019 09:43;OTP;3;7;57;WALK;;748;5349
SO;4;"-23.695285,-46.708019;-23.559256,-46.729138";08-30-2019 09:43;OTP;4;1;885;WALK;;748;5538
SO;4;"-23.695285,-46.708019;-23.559256,-46.729138";08-30-2019 09:43;OTP;4;2;654;BUS;6074-10;748;5538
SO;4;"-23.695285,-46.708019;-23.559256,-46.729138";08-30-2019 09:43;OTP;4;3;142;WALK;;748;5538
SO;4;"-23.695285,-46.708019;-23.559256,-46.729138";08-30-2019 09:43;OTP;4;4;1700;RAIL;CPTM L09;748;5538
SO;4;"-23.695285,-46.708019;-23.559256,-46.729138";08-30-2019 09:43;OTP;4;5;513;WALK;;748;5538
SO;4;"-23.695285,-46.708019;-23.559256,-46.729138";08-30-2019 09:43;OTP;4;6;686;BUS;8022-10;748;5538
SO;4;"-23.695285,-46.708019;-23.559256,-46.729138";08-30-2019 09:43;OTP;4;7;130;WALK;;748;5538
SO;4;"-23.695285,-46.708019;-23.559256,-46.729138";08-30-2019 09:43;OTP;5;1;710;WALK;;748;6035
SO;4;"-23.695285,-46.708019;-23.559256,-46.729138";08-30-2019 09:43;OTP;5;2;920;BUS;6076-10;748;6035
SO;4;"-23.695285,-46.708019;-23.559256,-46.729138";08-30-2019 09:43;OTP;5;3;165;WALK;;748;6035
SO;4;"-23.695285,-46.708019;-23.559256,-46.729138";08-30-2019 09:43;OTP;5;4;1870;RAIL;CPTM L09;748;6035
SO;4;"-23.695285,-46.708019;-23.559256,-46.729138";08-30-2019 09:43;OTP;5;5;366;WALK;;748;6035
SO;4;"-23.695285,-46.708019;-23.559256,-46.729138";08-30-2019 09:43;OTP;5;6;1100;BUS;177H-10;748;6035
SO;4;"-23.695285,-46.708019;-23.559256,-46.729138";08-30-2019 09:43;OTP;5;7;57;WALK;;748;6035
LO;1;"-23.542238,-46.436435;-23.571924,-46.690373";08-30-2019 09:43;Google;1;1;531;WALK;;765;4070
LO;1;"-23.542238,-46.436435;-23.571924,-46.690373";08-30-2019 09:43;Google;1;2;1440;RAIL;CPTM L11;765;4070
LO;1;"-23.542238,-46.436435;-23.571924,-46.690373";08-30-2019 09:43;Google;1;3;248;WALK;;765;4070
LO;1;"-23.542238,-46.436435;-23.571924,-46.690373";08-30-2019 09:43;Google;1;4;840;SUBWAY;METRÔ L4;765;4070
LO;1;"-23.542238,-46.436435;-23.571924,-46.690373";08-30-2019 09:43;Google;1;5;586;WALK;;765;4070
LO;1;"-23.542238,-46.436435;-23.571924,-46.690373";08-30-2019 09:43;Google;2;1;531;WALK;;765;4236
LO;1;"-23.542238,-46.436435;-23.571924,-46.690373";08-30-2019 09:43;Google;2;2;1440;RAIL;CPTM L11;765;4236
LO;1;"-23.542238,-46.436435;-23.571924,-46.690373";08-30-2019 09:43;Google;2;3;248;WALK;;765;4236
LO;1;"-23.542238,-46.436435;-23.571924,-46.690373";08-30-2019 09:43;Google;2;4;560;SUBWAY;METRÔ L4;765;4236
LO;1;"-23.542238,-46.436435;-23.571924,-46.690373";08-30-2019 09:43;Google;2;5;106;WALK;;765;4236
LO;1;"-23.542238,-46.436435;-23.571924,-46.690373";08-30-2019 09:43;Google;2;6;432;BUS;8700-10;765;4236
LO;1;"-23.542238,-46.436435;-23.571924,-46.690373";08-30-2019 09:43;Google;2;7;133;WALK;;765;4236
LO;1;"-23.542238,-46.436435;-23.571924,-46.690373";08-30-2019 09:43;Google;3;1;531;WALK;;748;4847
LO;1;"-23.542238,-46.436435;-23.571924,-46.690373";08-30-2019 09:43;Google;3;2;1440;RAIL;CPTM L11;748;4847
LO;1;"-23.542238,-46.436435;-23.571924,-46.690373";08-30-2019 09:43;Google;3;3;101;WALK;;748;4847
LO;1;"-23.542238,-46.436435;-23.571924,-46.690373";08-30-2019 09:43;Google;3;4;993;BUS;701A-10;748;4847
LO;1;"-23.542238,-46.436435;-23.571924,-46.690373";08-30-2019 09:43;Google;3;5;864;BUS;8700-10;748;4847
LO;1;"-23.542238,-46.436435;-23.571924,-46.690373";08-30-2019 09:43;Google;3;6;133;WALK;;748;4847
LO;1;"-23.542238,-46.436435;-23.571924,-46.690373";08-30-2019 09:43;Google;4;1;24;WALK;;430;6979
LO;1;"-23.542238,-46.436435;-23.571924,-46.690373";08-30-2019 09:43;Google;4;2;725;BUS;3020-10;430;6979
LO;1;"-23.542238,-46.436435;-23.571924,-46.690373";08-30-2019 09:43;Google;4;3;123;WALK;;430;6979
LO;1;"-23.542238,-46.436435;-23.571924,-46.690373";08-30-2019 09:43;Google;4;4;1239;BUS;4310-10;430;6979
LO;1;"-23.542238,-46.436435;-23.571924,-46.690373";08-30-2019 09:43;Google;4;5;1445;BUS;3459-10;430;6979
LO;1;"-23.542238,-46.436435;-23.571924,-46.690373";08-30-2019 09:43;Google;4;6;1984;BUS;702U-10;430;6979
LO;1;"-23.542238,-46.436435;-23.571924,-46.690373";08-30-2019 09:43;Google;4;7;133;WALK;;430;6979
NS;2;"-23.498320,-46.655980;-23.606884,-46.693306";08-30-2019 09:43;Google;1;1;136;WALK;;2495;4925
NS;2;"-23.498320,-46.655980;-23.606884,-46.693306";08-30-2019 09:43;Google;1;2;1230;BUS;177H-10;2495;4925
NS;2;"-23.498320,-46.655980;-23.606884,-46.693306";08-30-2019 09:43;Google;1;3;4;WALK;;2495;4925
NS;2;"-23.498320,-46.655980;-23.606884,-46.693306";08-30-2019 09:43;Google;1;4;1153;BUS;282;2495;4925
NS;2;"-23.498320,-46.655980;-23.606884,-46.693306";08-30-2019 09:43;Google;1;5;556;WALK;;2495;4925
NS;2;"-23.498320,-46.655980;-23.606884,-46.693306";08-30-2019 09:43;Google;1;6;540;RAIL;CPTM L09;2495;4925
NS;2;"-23.498320,-46.655980;-23.606884,-46.693306";08-30-2019 09:43;Google;1;7;494;WALK;;2495;4925
NS;2;"-23.498320,-46.655980;-23.606884,-46.693306";08-30-2019 09:43;Google;2;1;152;WALK;;2495;4956
NS;2;"-23.498320,-46.655980;-23.606884,-46.693306";08-30-2019 09:43;Google;2;2;1433;BUS;148P-10;2495;4956
NS;2;"-23.498320,-46.655980;-23.606884,-46.693306";08-30-2019 09:43;Google;2;3;10;WALK;;2495;4956
NS;2;"-23.498320,-46.655980;-23.606884,-46.693306";08-30-2019 09:43;Google;2;4;1113;BUS;282;2495;4956
NS;2;"-23.498320,-46.655980;-23.606884,-46.693306";08-30-2019 09:43;Google;2;5;556;WALK;;2495;4956
NS;2;"-23.498320,-46.655980;-23.606884,-46.693306";08-30-2019 09:43;Google;2;6;540;RAIL;CPTM L09;2495;4956
NS;2;"-23.498320,-46.655980;-23.606884,-46.693306";08-30-2019 09:43;Google;2;7;494;WALK;;2495;4956
NS;2;"-23.498320,-46.655980;-23.606884,-46.693306";08-30-2019 09:43;Google;3;1;136;WALK;;430;6607
NS;2;"-23.498320,-46.655980;-23.606884,-46.693306";08-30-2019 09:43;Google;3;2;808;BUS;177H-10;430;6607
NS;2;"-23.498320,-46.655980;-23.606884,-46.693306";08-30-2019 09:43;Google;3;3;3369;BUS;967A-10;430;6607
NS;2;"-23.498320,-46.655980;-23.606884,-46.693306";08-30-2019 09:43;Google;3;4;1504;BUS;709A-10;430;6607
NS;2;"-23.498320,-46.655980;-23.606884,-46.693306";08-30-2019 09:43;Google;4;1;136;WALK;;430;7414
NS;2;"-23.498320,-46.655980;-23.606884,-46.693306";08-30-2019 09:43;Google;4;2;2597;BUS;177H-10;430;7414
NS;2;"-23.498320,-46.655980;-23.606884,-46.693306";08-30-2019 09:43;Google;4;3;168;WALK;;430;7414
NS;2;"-23.498320,-46.655980;-23.606884,-46.693306";08-30-2019 09:43;Google;4;4;3600;BUS;7245-10;430;7414
LS;3;"-23.529641,-46.438457;-23.648905,-46.703555";08-30-2019 09:43;Google;1;1;365;WALK;;748;6853
LS;3;"-23.529641,-46.438457;-23.648905,-46.703555";08-30-2019 09:43;Google;1;2;897;BUS;3754-10;748;6853
LS;3;"-23.529641,-46.438457;-23.648905,-46.703555";08-30-2019 09:43;Google;1;3;0;WALK;;748;6853
LS;3;"-23.529641,-46.438457;-23.648905,-46.703555";08-30-2019 09:43;Google;1;4;2280;SUBWAY;METRÔ L3;748;6853
LS;3;"-23.529641,-46.438457;-23.648905,-46.703555";08-30-2019 09:43;Google;1;5;0;WALK;;748;6853
LS;3;"-23.529641,-46.438457;-23.648905,-46.703555";08-30-2019 09:43;Google;1;6;784;SUBWAY;METRÔ L1;748;6853
LS;3;"-23.529641,-46.438457;-23.648905,-46.703555";08-30-2019 09:43;Google;1;7;0;WALK;;748;6853
LS;3;"-23.529641,-46.438457;-23.648905,-46.703555";08-30-2019 09:43;Google;1;8;1620;SUBWAY;METRÔ L5;748;6853
LS;3;"-23.529641,-46.438457;-23.648905,-46.703555";08-30-2019 09:43;Google;1;9;139;WALK;;748;6853
LS;3;"-23.529641,-46.438457;-23.648905,-46.703555";08-30-2019 09:43;Google;2;1;414;WALK;;748;6903
LS;3;"-23.529641,-46.438457;-23.648905,-46.703555";08-30-2019 09:43;Google;2;2;877;BUS;3766-10;748;6903
LS;3;"-23.529641,-46.438457;-23.648905,-46.703555";08-30-2019 09:43;Google;2;3;1190;WALK;;748;6903
LS;3;"-23.529641,-46.438457;-23.648905,-46.703555";08-30-2019 09:43;Google;2;4;2280;SUBWAY;METRÔ L3;748;6903
LS;3;"-23.529641,-46.438457;-23.648905,-46.703555";08-30-2019 09:43;Google;2;5;0;WALK;;748;6903
LS;3;"-23.529641,-46.438457;-23.648905,-46.703555";08-30-2019 09:43;Google;2;6;784;SUBWAY;METRÔ L1;748;6903
LS;3;"-23.529641,-46.438457;-23.648905,-46.703555";08-30-2019 09:43;Google;2;7;0;WALK;;748;6903
LS;3;"-23.529641,-46.438457;-23.648905,-46.703555";08-30-2019 09:43;Google;2;8;1620;SUBWAY;METRÔ L5;748;6903
LS;3;"-23.529641,-46.438457;-23.648905,-46.703555";08-30-2019 09:43;Google;2;9;139;WALK;;748;6903
LS;3;"-23.529641,-46.438457;-23.648905,-46.703555";08-30-2019 09:43;Google;3;1;365;WALK;;748;6958
LS;3;"-23.529641,-46.438457;-23.648905,-46.703555";08-30-2019 09:43;Google;3;2;940;BUS;2708-10;748;6958
LS;3;"-23.529641,-46.438457;-23.648905,-46.703555";08-30-2019 09:43;Google;3;3;108;WALK;;748;6958
LS;3;"-23.529641,-46.438457;-23.648905,-46.703555";08-30-2019 09:43;Google;3;4;2280;SUBWAY;METRÔ L3;748;6958
LS;3;"-23.529641,-46.438457;-23.648905,-46.703555";08-30-2019 09:43;Google;3;5;0;WALK;;748;6958
LS;3;"-23.529641,-46.438457;-23.648905,-46.703555";08-30-2019 09:43;Google;3;6;784;SUBWAY;METRÔ L1;748;6958
LS;3;"-23.529641,-46.438457;-23.648905,-46.703555";08-30-2019 09:43;Google;3;7;0;WALK;;748;6958
LS;3;"-23.529641,-46.438457;-23.648905,-46.703555";08-30-2019 09:43;Google;3;8;1620;SUBWAY;METRÔ L5;748;6958
LS;3;"-23.529641,-46.438457;-23.648905,-46.703555";08-30-2019 09:43;Google;3;9;139;WALK;;748;6958
LS;3;"-23.529641,-46.438457;-23.648905,-46.703555";08-30-2019 09:43;Google;4;1;365;WALK;;430;9292
LS;3;"-23.529641,-46.438457;-23.648905,-46.703555";08-30-2019 09:43;Google;4;2;4308;BUS;3686-10;430;9292
LS;3;"-23.529641,-46.438457;-23.648905,-46.703555";08-30-2019 09:43;Google;4;3;22;WALK;;430;9292
LS;3;"-23.529641,-46.438457;-23.648905,-46.703555";08-30-2019 09:43;Google;4;4;3975;BUS;5300-10;430;9292
LS;3;"-23.529641,-46.438457;-23.648905,-46.703555";08-30-2019 09:43;Google;4;5;78;WALK;;430;9292
SO;4;"-23.695285,-46.708019;-23.559256,-46.729138";08-30-2019 09:43;Google;1;1;664;WALK;;748;5076
SO;4;"-23.695285,-46.708019;-23.559256,-46.729138";08-30-2019 09:43;Google;1;2;930;BUS;6960-10;748;5076
SO;4;"-23.695285,-46.708019;-23.559256,-46.729138";08-30-2019 09:43;Google;1;3;141;WALK;;748;5076
SO;4;"-23.695285,-46.708019;-23.559256,-46.729138";08-30-2019 09:43;Google;1;4;1260;RAIL;CPTM L09;748;5076
SO;4;"-23.695285,-46.708019;-23.559256,-46.729138";08-30-2019 09:43;Google;1;5;355;WALK;;748;5076
SO;4;"-23.695285,-46.708019;-23.559256,-46.729138";08-30-2019 09:43;Google;1;6;910;BUS;177H-10;748;5076
SO;4;"-23.695285,-46.708019;-23.559256,-46.729138";08-30-2019 09:43;Google;1;7;54;WALK;;748;5076
SO;4;"-23.695285,-46.708019;-23.559256,-46.729138";08-30-2019 09:43;Google;2;1;743;WALK;;748;5132
SO;4;"-23.695285,-46.708019;-23.559256,-46.729138";08-30-2019 09:43;Google;2;2;887;BUS;6027-10;748;5132
SO;4;"-23.695285,-46.708019;-23.559256,-46.729138";08-30-2019 09:43;Google;2;3;141;WALK;;748;5132
SO;4;"-23.695285,-46.708019;-23.559256,-46.729138";08-30-2019 09:43;Google;2;4;1260;RAIL;CPTM L09;748;5132
SO;4;"-23.695285,-46.708019;-23.559256,-46.729138";08-30-2019 09:43;Google;2;5;355;WALK;;748;5132
SO;4;"-23.695285,-46.708019;-23.559256,-46.729138";08-30-2019 09:43;Google;2;6;910;BUS;177H-10;748;5132
SO;4;"-23.695285,-46.708019;-23.559256,-46.729138";08-30-2019 09:43;Google;2;7;54;WALK;;748;5132
SO;4;"-23.695285,-46.708019;-23.559256,-46.729138";08-30-2019 09:43;Google;3;1;743;WALK;;765;4870
SO;4;"-23.695285,-46.708019;-23.559256,-46.729138";08-30-2019 09:43;Google;3;2;670;BUS;6118-10;765;4870
SO;4;"-23.695285,-46.708019;-23.559256,-46.729138";08-30-2019 09:43;Google;3;3;246;WALK;;765;4870
SO;4;"-23.695285,-46.708019;-23.559256,-46.729138";08-30-2019 09:43;Google;3;4;1440;RAIL;CPTM L09;765;4870
SO;4;"-23.695285,-46.708019;-23.559256,-46.729138";08-30-2019 09:43;Google;3;5;0;WALK;;765;4870
SO;4;"-23.695285,-46.708019;-23.559256,-46.729138";08-30-2019 09:43;Google;3;6;140;SUBWAY;METRÔ L4;765;4870
SO;4;"-23.695285,-46.708019;-23.559256,-46.729138";08-30-2019 09:43;Google;3;7;49;WALK;;765;4870
SO;4;"-23.695285,-46.708019;-23.559256,-46.729138";08-30-2019 09:43;Google;3;8;676;BUS;177H-10;765;4870
SO;4;"-23.695285,-46.708019;-23.559256,-46.729138";08-30-2019 09:43;Google;3;9;54;WALK;;765;4870
